EXPLAIN
TAG	EISPOT
TITLE	LABEL	Potentiostatic EIS	Test Identifier
DATE	LABEL	2/6/2024	Date
TIME	LABEL	12:53:45	Time
NOTES	NOTES	1	Notes...
	
PSTAT	PSTAT	IFC1010-20135 JB	Potentiostat
VDC	POTEN	0.00000E+000	T	DC Voltage (V)
FREQINIT	QUANT	1.50000E+006	Initial Freq. (Hz)
FREQFINAL	QUANT	1.00000E-001	A Real Number
PTSPERDEC	QUANT	1.00000E+001	Points/decade
VAC	QUANT	5.00000E+000	AC Voltage (mV rms)
AREA	QUANT	1.00000E+000	Sample Area (cm^2)
SPEED	SELECTOR	1	Optimize for:
DRIFTCOR	SELECTOR	0	Drift Correction
THD	SELECTOR	1	THD
ZGUESS	QUANT	1.00000E+002	Estimated Z (ohms)
EOC	QUANT	-3.61446E-005	Open Circuit (V)
SEQUENCER	TOGGLE	TRUE	Run as Sequence
PSTATMODEL	IQUANT	64	Pstat Model
PSTATSECTION	LABEL	IFC1010-20135	Pstat Section
PSTATSERIALNO	LABEL	20135	Pstat Serial Number
CTRLMODE	IQUANT	1	Control Mode
ELECTROMETER	IQUANT	0	RE=0 or CS=1
IESTAB	IQUANT	0	I/E Stability
CASPEED	IQUANT	3	Control Amp Speed
CONVENTION	IQUANT	1	Current Convention
ICHRANGE	IQUANT	2	Ich Range
ICHRANGEMODE	TOGGLE	F	Ich Auto Range
ICHOFFSETENABLE	TOGGLE	T	Ich Offset Enable
ICHOFFSET	QUANT	0	Ich Offset (V)
ICHFILTER	IQUANT	4	Ich Filter
VCHRANGE	IQUANT	2	Vch Range
VCHRANGEMODE	TOGGLE	F	Vch Auto Range
VCHOFFSETENABLE	TOGGLE	T	Vch Offset Enable
VCHOFFSET	QUANT	0	Vch Offset (V)
VCHFILTER	IQUANT	4	Vch Filter
IERANGELOWERLIMIT	IQUANT	4	I/E Range Lower Limit
IERANGEMODE	TOGGLE	F	I/E AutoRange
IERANGE	IQUANT	11	I/E Range
ACHSELECT	IQUANT	0	Ach Select
ACHRANGE	IQUANT	2	Ach Range
ACHOFFSETENABLE	TOGGLE	F	Ach Offset Enable
ACHOFFSET	QUANT	0	Ach Offset (V)
ACHFILTER	IQUANT	1	Ach Filter
SENSECABLEID	IQUANT	13	Sense Cable ID
PWRCABLEID	IQUANT	13	Power Cable ID
DCCALDATE	LABEL	1/30/2024	DC Calibration Date
ACCALDATE	LABEL	1/10/2018	AC Calibration Date
FRAMEWORKVERSION	LABEL	7.10.3	Framework Version
INSTRUMENTVERSION	LABEL	4.91	Instrument Version
COMMVERSION	LABEL	3.10	Communications Version
CPUPLDVERSION	LABEL	2.22	CPU PLD Version
CTRLPLDVERSION	LABEL	0.00	CTRL PLD Version
PSTATPLDVERSION	LABEL	0.00	PSTAT PLD Version
ZCURVE	TABLE
	Pt	Time	Freq	Zreal	Zimag	Zsig	Zmod	Zphz	Idc	Vdc	IERange	Imod	Vmod	Temp	Ithd	Vthd	IHr1	IHi1	VHr1	VHi1	IHr2	IHi2	VHr2	VHi2	IHr3	IHi3	VHr3	VHi3	IHr4	IHi4	VHr4	VHi4	IHr5	IHi5	VHr5	VHi5	IHr6	IHi6	VHr6	VHi6	IHr7	IHi7	VHr7	VHi7	IHr8	IHi8	VHr8	VHi8	IHr9	IHi9	VHr9	VHi9	IHr10	IHi10	VHr10	VHi10
	#	s	Hz	ohm	ohm	V	ohm	°	A	V	#	A	V	°C	#	#	A	A	V	V	A	A	V	V	A	A	V	V	A	A	V	V	A	A	V	V	A	A	V	V	A	A	V	V	A	A	V	V	A	A	V	V	A	A	V	V
	0	4	1500059	4.489642	0.6931121	1	4.542828	8.776054	1.135303E-005	-0.0003234	10	0.0010316	0.0050717	1466.799	0.0020334	0.0031808	-0.076514	-0.0535159	-0.444115	-0.1160842	-0.0001803	-1.413537E-005	-0.0007989	0.0009705	-1.365785E-005	-4.441478E-006	8.114334E-005	0.0001037	-1.272443E-005	5.495807E-006	-0.0001796	-0.000254	-9.725803E-006	-6.517891E-006	7.998431E-005	4.467601E-005	4.943926E-006	9.208045E-006	0.0000967	1.926953E-005	-2.732268E-006	-3.842446E-005	-0.0002416	-0.0004242	-7.3571E-006	9.094831E-006	-8.314197E-005	4.625181E-006	-2.597401E-005	-1.986348E-005	-0.0001419	-0.0001642	2.531335E-006	3.934256E-006	0.0002222	0.0002788
	1	5	1191504	4.443825	0.53967	1	4.476475	6.924245	1.834749E-005	-0.0002374	10	0.0013511	0.0063452	1467.612	0.0023433	0.0028335	-0.1201972	0.0225228	-0.5150271	0.2541117	-0.0001446	0.00023	3.5142E-005	0.001465	3.781985E-005	3.805192E-005	8.93143E-005	-5.706168E-005	1.430616E-005	2.378918E-006	6.893463E-005	-0.0002528	2.315739E-005	-1.091033E-005	0.0001144	-0.0002737	1.533178E-005	2.078735E-005	-2.596574E-005	0.0003018	2.45464E-005	4.690955E-007	0.0002697	0.0001847	-1.120323E-005	2.99036E-006	-0.0002991	-6.205729E-005	-1.94441E-005	-3.273472E-005	-0.0001189	-3.193879E-005	-4.045201E-005	9.066309E-006	-0.0001022	0.0001229
	2	7	946464.9	4.419365	0.3929295	1	4.436799	5.080856	9.676472E-006	-0.0002066	10	0.0013669	0.006245	1467.522	0.0019457	0.0026025	-0.0436263	0.1157688	-0.0788663	0.5597069	0.0002136	8.403388E-005	0.0013506	-1.179986E-005	-6.023446E-006	-5.085779E-006	0.0001917	-4.234282E-005	1.027391E-005	8.399365E-007	-0.0001338	0.0002569	-7.451164E-006	-3.415459E-005	0.0001895	-5.966764E-005	-4.889561E-005	4.782341E-007	-0.0001698	8.34926E-005	-8.782256E-006	1.329149E-005	-0.0001666	0.0001917	-1.698977E-005	-1.432799E-005	-0.0002292	-5.451009E-005	-7.616692E-007	9.232317E-006	0.0001426	-4.773495E-006	2.255058E-005	1.236016E-005	1.281034E-006	3.961078E-005
	3	8	751816.4	4.396948	0.2667361	1	4.405031	3.471533	7.898821E-006	-0.0002458	10	0.0013919	0.0062434	1467.612	0.0011262	0.0015493	-0.0549853	-0.1133524	-0.3351563	-0.4549703	-1.816161E-005	-0.000133	-7.089322E-005	-0.0006726	-5.477808E-006	-1.429347E-005	-0.000265	0.0001927	1.630152E-005	7.653114E-006	0.000229	-4.606998E-005	-4.264061E-006	1.075852E-005	2.048048E-005	0.0002067	1.489301E-006	-7.392723E-006	-0.0001861	-6.685966E-006	6.981252E-006	-1.76006E-005	2.09352E-005	-4.46681E-005	1.061172E-005	-1.854962E-005	-5.784911E-005	2.446841E-005	6.110757E-006	1.33008E-005	-0.0001254	0.0001721	-3.658702E-006	-1.759396E-005	-0.0001295	2.749497E-005
	4	10	597246.1	4.385429	0.1551294	1	4.388172	2.025927	3.199416E-006	-0.0002363	10	0.001424	0.0063191	1467.612	0.0010662	0.0013422	0.0910574	-0.0912099	0.33554	-0.4631741	7.146997E-005	0.0000972	0.0004122	0.0004665	-5.029646E-005	1.946578E-005	-5.935075E-005	0.0001746	2.67272E-005	-2.233259E-006	0.0001752	-6.315081E-005	2.092551E-006	-1.486864E-006	-3.215514E-005	0.0002609	-8.307211E-006	1.104178E-006	5.695646E-005	0.0001	-3.729897E-006	-1.156597E-005	-0.0001215	0.0001016	-1.355769E-005	4.012687E-006	-4.332013E-005	-4.928292E-005	2.84459E-006	8.561983E-006	1.777365E-005	6.810413E-005	2.480254E-006	-1.355366E-005	-0.0001117	6.2573E-005
	5	11	474433.6	4.384319	0.0410088	1	4.384511	0.5359012	7.880434E-006	-0.0002259	10	0.0014327	0.0063259	1466.98	0.0011525	0.001069	0.1060193	-0.0746681	0.4161074	-0.393284	2.767332E-005	0.000129	0.0001174	0.0004141	1.54275E-006	-5.971234E-005	7.566786E-005	0.0001019	2.323708E-005	-5.311756E-006	-2.44393E-005	-0.0001905	1.275435E-005	-3.874885E-006	-4.03059E-005	-0.0001742	6.763963E-006	2.41588E-006	0.000275	1.452863E-007	-1.710083E-006	-1.638802E-005	-5.726424E-005	-5.951245E-005	-9.813813E-006	1.463195E-006	-9.277883E-005	-2.204604E-005	-9.384357E-006	7.16513E-006	1.263572E-006	2.353359E-005	7.121242E-006	2.345943E-006	0.0001102	-9.60217E-006
	6	12	376816.4	4.388622	-0.0649464	1	4.389102	-0.8478482	3.413711E-006	-0.0002333	10	0.0014402	0.0063491	1467.612	0.0016151	0.0015339	-0.1063639	0.07536	-0.4194703	0.3927763	-3.410295E-005	0.0001446	1.343153E-005	0.0006153	-6.087098E-005	0.0001234	-0.0002757	0.0004149	-2.128072E-007	4.037574E-006	0.0001913	6.310584E-005	-3.471128E-005	-2.50201E-005	-0.0001288	2.059899E-005	-3.340888E-006	8.305971E-006	-4.317007E-005	-0.0001493	3.339423E-005	1.103384E-005	1.897686E-006	-0.0001248	-5.846611E-006	-7.655473E-007	-0.0001426	-5.332661E-005	-2.691202E-006	4.069414E-006	-8.827146E-005	7.745344E-005	-1.064426E-005	-9.564684E-007	4.926231E-006	0.0001247
	7	14	299355.5	4.395077	-0.1668732	1	4.398243	-2.174374	7.665266E-006	-0.0002321	10	0.0014445	0.0063707	1466.889	0.0021572	0.0015477	-0.072424	0.1088467	-0.2522808	0.518492	5.620572E-005	0.0001104	0.0001349	0.0003406	-2.154667E-005	0.0002417	0.0002029	0.0006204	2.711115E-005	-1.006294E-006	-5.309844E-005	-5.014242E-005	-4.521246E-005	-1.543463E-005	0.0001303	-0.0002393	1.059263E-006	-3.320675E-006	0.0001031	3.855035E-006	-5.120063E-006	-1.456472E-005	-0.0001999	-0.0002324	3.105961E-006	-3.460703E-005	-0.0001017	-0.0001725	1.850081E-005	-3.832743E-006	2.76895E-005	4.012464E-005	5.705515E-006	2.054602E-005	-9.23914E-005	3.052875E-005
	8	15	237832	4.409727	-0.2753399	1	4.418315	-3.572865	7.246691E-006	-0.0002409	10	0.0014487	0.0064118	1467.612	0.0025979	0.0022087	0.1311157	0.0009753	0.5753281	-0.0760388	-7.547887E-005	-8.548625E-006	-0.0002201	-0.0001283	-0.0002547	0.0001941	-0.0010489	0.0005965	2.260206E-005	1.461321E-005	0.0001873	0.0001351	5.509568E-005	5.091075E-005	5.410006E-005	6.28689E-005	2.002517E-005	-3.102701E-006	-0.000101	5.759881E-006	-3.606198E-006	-1.066701E-005	-0.0001623	1.594759E-005	1.36638E-005	8.817704E-006	3.596296E-005	-7.815159E-005	-1.394344E-005	6.968941E-006	3.097195E-005	0.0001086	1.520457E-005	-8.395292E-006	6.80259E-005	1.685036E-005
	9	17	188847.7	4.419075	-0.3971848	1	4.436888	-5.135923	7.397394E-006	-0.0002415	10	0.0014617	0.0064925	1466.889	0.0025582	0.0023351	0.0684272	-0.1132271	0.225175	-0.5427753	-1.72095E-005	0.0001119	6.429665E-005	0.0005834	4.148111E-005	0.0002998	0.0002655	0.0010735	2.23611E-005	3.03674E-005	8.575164E-005	0.0004801	2.823118E-005	-7.120166E-005	4.242454E-005	-0.0001311	-1.621258E-005	1.109089E-005	-0.0001088	2.239598E-006	-2.305924E-005	2.35237E-005	2.400795E-005	7.822877E-005	2.608809E-005	5.191221E-006	2.146047E-005	-1.377613E-005	1.615787E-005	-1.010153E-005	9.346381E-005	-8.94284E-005	-2.46783E-006	-1.62822E-005	-0.0001193	-9.221631E-005
	10	18	150058.6	4.437397	-0.5351401	1	4.469549	-6.876534	6.790291E-006	-0.0002491	10	0.0014258	0.0063771	1467.612	0.0008912	0.0011302	-0.0640258	-0.112046	-0.3662403	-0.4461086	-1.680467E-005	-3.966402E-005	-0.0001021	-0.0002785	7.093896E-005	6.565431E-005	0.0004407	0.0002809	9.165262E-006	-9.625074E-006	-0.0001187	-5.438611E-005	6.209593E-007	-2.570901E-005	5.578296E-005	-0.0001249	-2.577435E-006	8.808216E-006	-7.532072E-006	-1.503993E-005	-1.024292E-005	2.016508E-005	-6.553392E-005	-3.267779E-006	9.120209E-006	-3.878668E-007	-4.350768E-005	0.0001234	7.280614E-006	1.60317E-005	6.685499E-006	-5.756087E-005	1.37387E-005	3.372494E-006	4.596356E-005	-3.894792E-005
	11	20	119238.3	4.466496	-0.6998257	1	4.520989	-8.904897	6.498474E-006	-0.000255	10	0.0013975	0.006321	1467.07	0.0008014	0.0009073	-0.1239832	-0.0250575	-0.5720985	-0.0032467	-2.362073E-005	-2.093264E-005	-2.412032E-005	-5.82859E-005	7.51288E-005	-4.123536E-005	0.0003409	-0.0001402	-1.431105E-005	9.330106E-007	-0.0002006	-8.000528E-006	1.146179E-005	-3.793354E-006	-6.136485E-006	-0.0001406	8.014613E-006	2.084608E-005	2.450775E-005	2.06288E-007	3.55902E-006	-8.480974E-006	7.28399E-006	8.570729E-005	1.36306E-005	1.357205E-005	8.430309E-005	0.0001858	-1.861947E-006	-6.400574E-006	-1.389766E-005	5.38649E-005	2.404419E-005	2.813045E-006	0.0001238	3.729673E-005
	12	21	94746.09	4.501471	-0.8896191	1	4.588536	-11.17922	6.741247E-006	-0.0002512	10	0.0013687	0.0062822	1467.612	0.00065	0.0009705	0.1059767	0.064155	0.5399464	0.1782106	4.196627E-006	-2.167397E-005	1.575321E-005	-5.704631E-005	-4.796394E-005	-1.936255E-005	-0.000241	-2.332591E-005	1.058506E-005	-2.291665E-006	0.0001096	-0.000206	-4.09991E-005	-4.26313E-007	-0.0002855	4.695542E-005	1.386972E-005	-6.108313E-007	-7.998292E-005	-7.78474E-005	-4.80062E-006	3.579655E-006	-4.702621E-005	0.0002168	1.136644E-005	2.501399E-005	-3.321097E-006	9.093643E-005	-8.577889E-006	1.170172E-005	-0.0001605	-5.406329E-007	-8.506469E-006	1.601805E-005	-8.989988E-005	1.888396E-005
	13	23	75292.97	4.543523	-1.099423	1	4.674648	-13.60273	6.697466E-006	-0.0002528	10	0.0013237	0.0061889	1467.161	0.0004735	0.0008913	-0.0819637	-0.087383	-0.4758453	-0.2955411	-6.181655E-006	-2.190803E-005	-0.0001879	0.0000991	3.170245E-005	2.513302E-005	0.0002779	-5.14621E-005	6.155751E-006	-1.825509E-006	0.0001046	5.435944E-005	2.513058E-006	2.290937E-005	-9.625453E-006	0.0002223	2.052897E-006	-8.615433E-006	-0.0001108	-2.068468E-005	5.843802E-006	3.635301E-006	3.316533E-005	-2.677273E-005	9.291922E-006	1.191627E-006	5.550752E-005	0.000119	-8.856704E-006	3.416091E-006	-4.13498E-005	-0.0001124	-1.341314E-005	-2.719811E-006	-8.725283E-005	8.477923E-005
	14	24	59824.22	4.607502	-1.389446	1	4.812446	-16.7813	2.235801E-006	-0.0002605	10	0.0012755	0.006139	1467.161	0.0005242	0.000722	0.0744549	-0.0882292	0.2106404	-0.5141675	2.827402E-005	2.393144E-005	0.0001301	-0.0001807	-1.975452E-006	-1.231377E-005	-8.385955E-005	-1.924299E-005	-5.318319E-006	4.571863E-006	-2.590311E-005	-2.175756E-005	2.713688E-005	-1.481909E-006	0.0001502	3.484311E-006	1.561362E-006	8.799601E-006	1.992332E-005	-7.8775E-005	-1.331134E-005	1.527544E-005	-2.801721E-005	3.639515E-005	1.932133E-005	-8.468634E-006	8.831476E-005	1.755101E-005	-1.726038E-005	2.942746E-006	-0.0002178	0.0001163	-8.480479E-006	-5.777577E-006	-1.211823E-005	-4.823973E-005
	15	26	47519.53	4.683831	-1.721069	1	4.990026	-20.17581	2.304021E-006	-0.000259	10	0.001179	0.0058834	1467.547	0.0006624	0.0010141	0.0996819	0.0380764	0.5325035	-0.0013467	-3.965049E-005	-9.189623E-006	0.000105	0.0002518	2.668763E-005	5.698817E-006	0.0001799	-6.247809E-005	-1.495644E-005	-1.30423E-006	0.0001009	-2.782396E-005	3.491271E-005	-2.790155E-006	7.476797E-005	-4.099404E-005	1.5397E-005	-3.616345E-006	0.0001955	-3.037002E-005	2.274715E-005	8.709336E-006	0.0001056	2.039364E-006	-1.422146E-005	-5.650422E-006	-0.0001335	3.007334E-005	3.561872E-006	2.503151E-006	0.0001542	-0.0002359	3.212655E-006	-5.952607E-006	1.783064E-005	-0.000118
	16	27	37792.97	4.781391	-2.123012	1	5.231527	-23.94196	6.494207E-006	-0.0002563	10	0.0010761	0.0056299	1467.522	0.0009155	0.0011479	0.0850297	-0.0475013	0.3007549	-0.4113418	-9.94769E-007	5.354092E-005	0.0001791	0.0001297	-3.364998E-005	-3.080524E-005	-0.0001944	-3.135752E-005	-2.724817E-006	-1.598353E-005	2.942816E-005	-0.0002381	2.529792E-005	3.546081E-005	0.00015	8.961163E-005	8.578681E-006	5.893758E-006	0.0002708	-0.0002028	-1.403767E-005	-1.44752E-005	-3.64298E-005	-6.535161E-005	6.853021E-006	-9.406359E-008	-0.0001255	-4.174305E-005	4.991365E-006	-2.146175E-006	2.892094E-005	7.169438E-005	-6.536314E-006	-1.440145E-005	-5.296502E-005	-0.0001416
	17	28	29941.41	4.917816	-2.620767	1	5.572552	-28.05372	2.429373E-006	-0.000262	10	0.000966	0.005383	1467.612	0.0011829	0.0013697	-0.0761268	0.0429949	-0.2577388	0.4134617	2.364977E-006	6.505461E-005	0.0003082	0.0000985	3.882369E-005	2.706534E-005	0.0003059	-1.769944E-005	-2.444501E-005	-5.6898E-007	-6.576209E-005	-2.663035E-005	-1.13271E-005	3.439884E-005	-7.802622E-005	0.0003038	-2.582849E-005	-1.022502E-005	-8.394384E-005	-4.732645E-005	3.849505E-006	8.381961E-006	-0.0001448	-5.719241E-005	2.035219E-005	6.708113E-006	0.00013	-6.884675E-005	-2.768345E-005	-1.386687E-005	-0.0002628	-0.0001076	5.766284E-006	-5.198527E-007	3.666338E-005	-7.867558E-005
	18	30	23847.66	5.100654	-3.207237	1	6.0252	-32.16125	6.222161E-006	-0.000257	10	0.000845	0.0050914	1466.98	0.0013165	0.0009889	-0.0051654	-0.0763062	-0.2739311	-0.3705631	8.114282E-005	-1.429662E-005	-6.557164E-005	-0.0002084	4.559057E-005	-8.302393E-006	0.0001087	8.494826E-006	4.431713E-006	1.384085E-005	-3.045413E-005	0.0001299	2.018345E-005	-8.279284E-006	-4.043338E-005	-7.231348E-005	7.365597E-006	2.870336E-006	0.000169	3.159209E-005	-2.503985E-007	6.012619E-006	-1.712208E-006	0.0002887	-1.621316E-006	9.394455E-006	-4.322828E-005	3.134529E-005	1.357473E-005	-1.749897E-006	-7.37086E-005	9.570736E-006	3.253081E-006	1.126458E-005	4.553818E-005	5.253125E-006
	19	31	18925.78	5.361075	-3.932086	1	6.64849	-36.25822	1.889124E-006	-0.0002658	10	0.0007526	0.0050038	1467.612	0.0018085	0.0019692	0.0471087	0.0492022	0.4464952	0.0758282	7.893948E-006	-8.806125E-005	-0.0001484	5.363161E-005	4.962075E-005	4.165855E-005	0.0006031	0.0001812	1.010689E-005	-1.001379E-005	4.184572E-005	-0.0001961	-1.990888E-005	-3.847621E-005	-0.0002033	-0.000174	2.21323E-006	4.624831E-006	7.241266E-005	-0.0001003	-1.106944E-005	-1.110952E-006	-7.251907E-005	-9.492786E-005	1.361215E-005	-1.020939E-005	0.0003427	-0.0002381	2.120488E-005	-1.028797E-005	0.000099	-7.188694E-005	4.15949E-006	8.341507E-006	-0.0001183	-0.0001717
	20	33	15058.59	5.719545	-4.77994	1	7.453927	-39.88619	6.521726E-006	-0.0002569	10	0.0006594	0.004915	1466.889	0.0019985	0.0018496	-0.0596226	0.0026327	-0.3269765	0.3016377	-9.227644E-005	-1.726863E-005	-0.0002616	0.0004283	4.085823E-005	4.124531E-005	0.0002546	0.0002351	-9.646175E-006	-5.993731E-006	0.0001445	-0.0003383	-3.174769E-005	5.625974E-006	2.560439E-005	7.20761E-005	-6.290969E-006	1.119226E-005	-0.0002436	3.562041E-005	-3.284426E-006	4.421454E-007	0.000101	1.483958E-005	-1.281907E-005	-6.508432E-006	3.270898E-005	-0.0001825	1.198787E-006	-4.056959E-006	7.459521E-005	6.968388E-006	2.169656E-005	1.602894E-006	-5.342067E-005	0.0002236
	21	34	11863.43	6.228095	-5.820955	1	8.524827	-43.0647	-3.12499E-006	-0.0001597	10	0.0005715	0.0048719	1467.612	0.0031415	0.0018076	-0.0140491	0.0497815	0.2035064	0.391188	4.43914E-005	0.0001176	0.0003631	7.511955E-005	-7.301491E-005	-2.319468E-005	-0.0002739	0.0002296	-1.387514E-005	-8.089294E-006	-0.0001706	-0.0001758	-2.224304E-005	5.805472E-005	-0.0001143	0.0003968	7.206574E-006	-8.988108E-006	-4.119986E-005	0.000125	-1.109368E-005	-1.868932E-006	-0.0001983	0.0001044	4.257119E-006	1.547491E-005	-8.595037E-005	7.039309E-005	6.654416E-006	6.093265E-006	0.000119	-0.0001831	-4.007249E-006	-9.317574E-007	1.825998E-005	-0.0001084
	22	36	9432.87	6.924098	-6.949764	1	9.81032	-45.106	2.697218E-007	0.0001245	9	0.0005991	0.0058777	1467.341	0.0031879	0.0024294	0.0533087	-0.009927	0.2998339	-0.4394423	-0.0001661	2.515872E-005	-4.494471E-005	0.0012598	-2.810132E-005	-9.88794E-006	-9.479677E-005	1.020776E-005	-9.161203E-006	1.55007E-007	1.780549E-005	5.900068E-005	7.137802E-006	-2.142618E-005	0.0001238	-8.751779E-005	1.323497E-006	-1.570661E-006	-6.667758E-005	-5.134569E-005	-2.441215E-006	4.974572E-006	0.0001107	2.877996E-005	-6.018957E-006	-6.941759E-006	-6.618049E-005	-2.332078E-005	3.736612E-006	-2.44454E-006	-4.809816E-006	-5.219272E-005	6.276938E-006	-9.713404E-007	0.0001288	3.013434E-005
	23	37	7558.594	7.786598	-8.178389	1	11.29235	-46.40579	-7.22639E-008	5.172676E-005	9	0.0004195	0.0047377	1467.431	0.003478	0.0018142	-0.0373144	-0.0070384	-0.3479857	0.2505645	-5.995728E-005	-0.0001078	-0.0006469	0.0002797	1.070311E-005	4.058693E-005	0.0001481	0.0001096	-3.422029E-007	5.996619E-006	-3.033131E-005	-4.149043E-006	-1.77492E-005	-1.760767E-006	-0.0001479	4.462071E-005	3.519584E-006	1.478475E-008	1.890119E-005	-2.882502E-005	-4.051254E-008	-5.342096E-006	7.421244E-006	-0.0001358	1.480861E-006	-3.788068E-006	-7.278753E-005	-0.0001407	-1.671317E-006	2.295827E-006	-1.013838E-005	-5.077153E-005	-1.64978E-006	5.563343E-006	3.859354E-005	2.710964E-005
	24	38	5960.648	8.975635	-9.59352	1	13.13764	-46.90581	1.308722E-007	0.0001261	9	0.0003608	0.0047397	1467.431	0.0037574	0.0015292	0.0066857	-0.0319609	-0.2467649	-0.3509075	-1.119962E-005	0.0001076	0.0005379	1.128507E-005	3.831065E-005	-8.288481E-006	0.0001595	-0.0001883	1.107517E-006	-4.853938E-007	-6.673608E-005	8.621486E-005	-1.294981E-005	-3.6016E-005	-4.501735E-005	-0.0001938	2.518253E-006	-3.312192E-006	7.799384E-005	3.690692E-005	-3.982715E-006	-2.331362E-006	3.434136E-005	-8.240995E-005	-4.831382E-006	-3.338851E-006	3.532227E-005	5.734002E-005	-8.401047E-006	1.232425E-005	2.703085E-005	8.502183E-005	-5.183801E-006	-4.075221E-006	4.975125E-006	2.406479E-005
	25	40	4746.094	10.3995	-11	1	15.13769	-46.60736	1.661851E-008	5.382123E-005	9	0.0003173	0.0048031	1466.799	0.0039581	0.0015411	0.0107913	0.0266131	0.4050263	0.1579206	6.27018E-005	7.180212E-005	0.0002984	-0.000292	1.513213E-005	5.026865E-005	0.0003359	0.000244	5.26401E-007	3.018358E-006	1.625158E-006	6.927061E-005	-3.824142E-006	-2.929763E-005	-0.0001564	-0.0001181	1.405162E-006	4.801812E-006	-2.013403E-006	9.260792E-005	9.715441E-007	-3.338065E-007	3.641145E-005	0.0001062	8.452043E-006	2.858505E-006	0.0001667	4.516216E-005	2.59353E-006	4.604168E-006	-2.884143E-005	-5.948777E-005	-5.427574E-006	-5.660521E-006	-3.60394E-005	4.771492E-005
	26	41	3761.574	12.12852	-12.44116	1	17.3748	-45.72901	1.751534E-007	0.0001253	9	0.0002805	0.0048729	1467.522	0.004396	0.0014342	-0.0218832	0.0128638	-0.1052536	0.4283022	-4.210793E-005	-6.508945E-005	-0.0001876	0.0001415	4.725787E-005	-2.375229E-005	0.0001269	-0.0003675	1.512846E-006	4.836489E-006	1.377368E-005	-1.184797E-005	4.398945E-005	-3.613028E-005	0.0001278	-0.0003579	-5.075564E-006	-3.645198E-006	1.141615E-005	-9.276541E-005	7.861381E-006	-4.131326E-006	6.133388E-005	-1.904107E-005	-8.646021E-006	-7.245516E-006	-0.0001325	1.623196E-005	6.958959E-006	-6.368123E-006	8.485618E-005	-9.328745E-005	-1.677516E-006	6.450704E-006	-4.791202E-005	-1.137692E-005
	27	43	2993.223	14.07416	-13.82306	1	19.72711	-44.48431	2.9405E-007	0.0001255	9	0.0002491	0.0049146	1466.889	0.0045316	0.0012169	-0.0001272	0.0225484	0.3099684	0.3190413	-5.37702E-005	4.507467E-005	0.0001141	7.378624E-005	-4.764928E-005	1.195542E-005	-0.0002101	0.0003002	-5.31471E-006	5.030495E-006	-5.158766E-005	-1.961947E-006	4.018789E-005	3.500482E-005	0.0003001	-1.695933E-005	1.380875E-006	-5.180992E-006	1.677463E-005	1.590003E-005	1.574372E-006	-4.134928E-006	-0.0001129	-1.042226E-005	-4.736446E-006	-1.023698E-006	-3.103918E-005	2.500333E-005	-1.005263E-005	4.39072E-006	-0.0001307	0.0001097	4.044392E-006	-1.452529E-006	9.521958E-006	-5.546935E-005
	28	44	2372.685	16.28521	-15.15296	1	22.24456	-42.93737	1.175232E-007	0.0001254	9	0.0002211	0.0049175	1467.522	0.0042697	0.0016701	0.0138489	0.014441	0.4443611	0.0252472	2.322464E-005	4.796271E-005	-5.023322E-007	-6.193075E-005	1.690423E-005	2.393054E-005	0.0004681	-7.069217E-005	-7.447726E-007	6.231079E-006	-2.909586E-005	4.520454E-005	-4.919688E-005	-2.700664E-005	-0.0004559	0.0001905	3.308793E-006	6.298433E-008	3.886619E-005	-0.0001295	1.465467E-005	-1.879606E-006	0.0001972	-8.732431E-005	-6.493422E-006	2.828005E-006	1.089624E-005	-1.641287E-005	-5.637639E-006	5.094706E-006	4.565693E-006	7.095141E-005	7.755414E-006	-3.673574E-006	3.984268E-005	-7.553656E-005
	29	46	1886.433	18.63286	-16.40544	1	24.82583	-41.36254	9.218525E-009	5.35298E-005	9	0.0002003	0.004972	1467.522	0.0045175	0.001436	0.0150487	-0.0101052	0.1145604	-0.435185	1.492324E-005	-5.303496E-005	0.0001268	-2.848642E-005	-2.515607E-005	-1.417895E-006	-0.0002277	0.0002808	1.757682E-006	-1.666253E-006	7.94637E-005	4.539965E-006	-4.70782E-005	-8.098287E-006	-0.0003604	0.0002309	2.888963E-006	-6.269464E-006	-9.391272E-005	4.317658E-005	-1.32978E-005	1.828841E-006	-0.0001448	-1.248438E-006	-4.444738E-006	-7.550801E-006	-6.03404E-006	-3.499911E-005	-1.571522E-005	-1.302986E-005	-8.949592E-005	-0.0001295	-4.352231E-006	-2.662913E-006	-0.0001505	-9.896002E-006
	30	47	1506.696	21.03788	-17.61204	1	27.43677	-39.93468	-9.645821E-007	4.835748E-005	9	0.0001813	0.0049751	1466.98	0.0040111	0.0015604	0.0121031	-0.0110847	0.0593501	-0.4463658	4.935406E-006	-3.472046E-005	6.59558E-005	0.0001342	-2.610555E-005	1.043724E-005	-0.0001334	0.0004087	-5.715797E-006	8.203788E-007	-6.034645E-005	-6.908738E-005	-3.805642E-005	1.688738E-005	-0.0001876	0.0004331	3.115641E-006	-2.909947E-007	-5.906856E-006	-2.199412E-005	-1.352371E-005	9.809435E-006	-8.845703E-006	0.0001989	-9.815861E-006	-8.110416E-006	5.736249E-006	-3.720868E-005	-3.552342E-006	3.140311E-006	-1.413562E-005	7.046154E-006	-8.424665E-006	-1.390916E-006	-8.916344E-005	7.393304E-005
	31	48	1185.994	23.7046	-18.87777	1	30.3031	-38.53296	2.172027E-007	0.0001248	9	0.0001646	0.0049867	1467.522	0.0034518	0.0013337	0.0099144	0.011115	0.4448504	0.0762751	-1.499146E-005	2.712509E-005	-6.860589E-005	-5.112077E-005	-5.01155E-006	1.694802E-005	0.0002648	6.024189E-005	-1.62996E-006	1.012841E-005	-2.021017E-005	0.0001499	-5.670904E-006	-2.913714E-005	-0.0003518	-0.0002335	-1.136417E-006	-1.265706E-006	4.721852E-005	-5.84203E-005	6.142232E-006	1.020181E-005	0.0002302	5.076546E-005	-5.51915E-006	-6.639647E-006	-3.301516E-005	-9.137672E-005	-6.142102E-006	-9.32756E-006	-8.682302E-005	2.498552E-005	2.523477E-006	5.800146E-006	2.0287E-005	2.990244E-005
	32	50	948.6607	26.25117	-20.10275	1	33.06425	-37.44435	-9.612677E-008	5.174443E-005	9	0.0001504	0.0049717	1466.889	0.0045755	0.0015492	0.0098458	0.0093956	0.4473441	0.0486863	-2.288742E-005	2.197287E-005	-0.0001797	1.908559E-005	9.540905E-006	9.815034E-006	0.0003661	5.722395E-005	9.149589E-006	-1.929617E-006	2.661254E-005	0.0001872	-1.519294E-005	-2.980499E-005	-0.0003944	-0.0001711	-6.649622E-006	-2.890302E-007	-4.860329E-005	4.582573E-006	8.828894E-006	2.613392E-005	0.0001182	4.596682E-005	-3.769427E-006	5.930167E-006	-7.967093E-005	-1.827977E-005	-1.361908E-005	1.358597E-005	-0.0001909	0.0001385	1.585842E-005	9.220967E-007	1.073675E-005	0.0001206
	33	51	752.3148	29.01599	-21.50901	1	36.11876	-36.54885	3.115554E-007	0.0001256	9	0.0001383	0.0049942	1467.522	0.0032329	0.0016101	0.012417	-0.0015617	0.3266847	-0.3124104	1.106441E-005	2.915331E-007	-0.0001081	3.864383E-005	1.118672E-005	-5.488038E-006	-0.0003469	-0.0002949	-2.896624E-006	4.337271E-007	-3.90939E-005	8.373288E-005	2.441325E-005	9.814339E-006	0.0002783	-0.0002533	-4.986142E-007	5.436501E-006	-5.363837E-006	7.126824E-005	3.194556E-006	5.730064E-006	3.285619E-006	5.701219E-005	-1.621472E-005	2.115194E-006	-0.0003066	7.429044E-005	-1.013859E-005	1.642431E-006	-3.748225E-006	0.0000994	-6.944713E-006	-1.281765E-005	2.189609E-005	-0.0002019
	34	53	599.564	31.83522	-23.03514	1	39.29502	-35.88853	2.089905E-009	5.521938E-005	9	0.000127	0.0049885	1467.522	0.0032346	0.0014699	0.000762	-0.0114649	-0.2398566	-0.3825304	-1.099687E-005	-1.87113E-005	-9.040116E-006	6.997166E-005	3.70023E-006	7.859599E-006	0.0004	-0.0002838	3.621572E-007	-5.793657E-006	-0.0001782	-5.029096E-005	6.820337E-006	-1.804776E-006	-7.449091E-005	-0.0002894	4.552145E-006	1.191912E-006	1.995964E-005	-3.031368E-005	1.315434E-005	-1.159802E-005	5.728565E-005	6.781123E-005	7.341503E-006	7.59137E-007	-2.532033E-005	-0.0001402	-8.333658E-006	5.443064E-006	-6.465376E-005	0.0001183	-6.298154E-006	1.51144E-005	-0.0001208	0.0000955
	35	54	474.0168	34.85246	-24.84541	1	42.80173	-35.48407	-4.957633E-008	8.438864E-005	9	0.0001164	0.0049813	1466.799	0.0025358	0.001197	0.0078897	0.0069786	0.448326	0.0477203	-1.208735E-005	1.445316E-005	-5.753432E-005	0.0000986	5.627626E-007	5.229827E-006	0.0003103	7.794891E-005	-1.48666E-007	3.701338E-006	-2.84682E-006	-7.439918E-005	-1.429393E-005	-3.943497E-006	-0.0003113	0.0001584	2.761924E-006	-5.092997E-006	5.507888E-005	-2.549449E-005	1.871434E-006	1.824785E-006	0.0001431	1.620877E-005	-3.417184E-006	-4.529936E-006	4.591886E-006	-6.992348E-005	-3.71771E-006	4.088361E-007	-0.0001275	1.763227E-005	2.367331E-006	-2.232992E-006	3.96769E-005	-2.859906E-005
	36	55	377.1552	37.95355	-26.88118	1	46.50882	-35.30862	-4.980097E-008	8.294737E-005	9	0.0001077	0.0050071	1467.341	0.0031753	0.0013328	0.0087254	0.0043372	0.4478256	-0.0695245	-7.050957E-006	1.605523E-005	-0.0001016	-1.836242E-005	2.667061E-006	5.806651E-007	0.0001565	-0.0003357	2.006389E-006	-6.157498E-006	6.688759E-006	-5.2311E-005	-1.285427E-005	1.644476E-005	3.644673E-005	0.0003795	7.910348E-007	-9.877987E-007	0.0001254	-6.629109E-005	-1.986919E-007	-7.507923E-006	-3.877749E-005	-0.0001517	4.618094E-006	7.935254E-006	8.409563E-005	5.769217E-005	2.568195E-006	2.604388E-006	9.05674E-005	-4.285592E-005	-2.991365E-006	3.422756E-007	1.700269E-005	5.856506E-005
	37	57	298.2954	41.39516	-29.27475	1	50.70079	-35.26803	-1.739022E-007	2.449332E-005	9	0.0000987	0.0050032	1467.341	0.0034399	0.0014266	-0.0081146	0.0037314	-0.2269601	0.3918583	2.257169E-005	6.650822E-006	0.0002606	4.817807E-005	-8.755343E-007	5.361566E-006	0.0002952	-0.0001982	6.359036E-006	-2.341185E-007	1.127884E-005	-2.071087E-005	1.296994E-005	7.523442E-006	0.0004127	-8.520124E-005	-9.48956E-007	-1.440974E-006	-1.425471E-005	-9.472425E-005	1.08072E-006	3.482048E-006	7.116725E-005	3.506191E-005	5.357775E-006	-4.768653E-006	8.196663E-005	-4.861269E-005	-3.651404E-006	1.535787E-006	8.246279E-005	-8.897176E-005	1.510009E-006	3.11129E-006	3.186287E-005	4.764571E-005
	38	58	236.7424	44.99427	-32.00196	1	55.21421	-35.42216	-6.118717E-008	8.089993E-005	9	9.047183E-005	0.0049954	1467.341	0.0031412	0.0010044	0.0052708	0.0062667	0.4376412	0.1135465	-2.007436E-005	-2.417568E-006	-6.360981E-005	-5.127188E-005	-2.000765E-006	-4.770192E-007	0.0002522	5.614199E-005	6.686605E-008	9.238283E-007	3.798213E-005	2.436666E-005	-1.212731E-005	-8.515782E-007	-0.0003077	9.21553E-005	-1.033602E-006	8.853531E-007	2.79306E-005	2.666144E-005	7.190572E-006	1.400615E-006	3.775419E-005	1.174118E-005	-2.909124E-006	-2.591623E-007	-0.0001242	-1.888396E-005	-3.665985E-006	-2.315392E-006	-5.37783E-005	1.726672E-006	-4.128998E-006	1.076478E-007	6.892718E-005	3.277743E-005
	39	59	189.0121	48.87414	-35.00326	1	60.11581	-35.60993	-2.200116E-007	2.226988E-005	9	8.29152E-005	0.0049846	1467.341	0.0023808	0.0012187	0.0042712	0.0061706	0.4246743	0.1522767	-1.296147E-005	-2.89407E-006	-0.0001067	3.519538E-005	4.63469E-006	-2.622135E-006	0.0003803	-9.077695E-005	-1.162458E-006	-2.737485E-006	1.920154E-006	4.638359E-005	-5.961715E-006	-3.915667E-006	-0.0003527	1.516659E-006	9.456116E-007	-1.581415E-006	5.95905E-005	6.709248E-006	1.767735E-006	-2.291403E-006	3.066356E-005	-1.708279E-005	4.5823E-006	-4.295355E-006	-1.930818E-005	-3.381121E-005	-1.286677E-006	4.013709E-007	-4.43766E-005	3.634579E-005	-1.316679E-006	-1.068511E-007	2.389494E-005	-6.567222E-006
	40	61	149.6011	53.22034	-38.63458	1	65.76501	-35.97726	-5.707156E-008	2.191198E-005	9	7.544442E-005	0.0049616	1466.708	0.0034917	0.0013058	-0.0033761	0.0059355	0.0494755	0.4463414	1.37004E-005	-8.512143E-006	4.032161E-005	-0.0001226	-3.911625E-006	4.633792E-006	-0.0003534	-3.360929E-005	3.724635E-006	-7.718883E-008	5.562266E-005	-4.697348E-005	-7.576143E-006	1.036717E-005	-6.439154E-005	0.0004244	5.405625E-006	-4.339655E-006	4.04279E-005	-4.136645E-005	2.622772E-006	-4.725735E-008	3.067165E-005	1.464121E-005	-1.013744E-006	-5.82036E-006	-2.725457E-005	-3.91045E-005	8.517027E-007	1.012479E-006	2.89673E-005	-1.525332E-005	-4.945779E-007	-9.788783E-007	-2.796399E-005	-5.490241E-005
	41	62	119.1737	57.8825	-42.67996	1	71.91636	-36.4034	-2.524684E-007	2.260811E-005	9	6.912473E-005	0.0049712	1467.341	0.0039443	0.001384	-0.0012359	-0.0061332	-0.3332144	-0.3023522	-1.459128E-006	-1.318623E-005	-0.0001313	-8.63406E-006	-1.405599E-005	-6.470146E-008	-0.0003126	-0.0001211	2.064007E-008	-6.467145E-006	-2.307864E-005	1.798128E-005	1.1831E-006	9.069734E-006	0.0003863	0.0003135	-7.256768E-007	-4.341359E-006	2.598832E-005	-9.394252E-006	1.784521E-006	-7.39201E-008	-3.929367E-005	2.018921E-005	-1.63284E-006	-3.631577E-007	4.960457E-006	1.264131E-005	-5.778076E-006	6.153859E-006	9.112176E-006	7.804343E-005	-3.276921E-006	1.597182E-006	2.46751E-005	2.975576E-006
	42	64	94.69697	73.4495	-44.4225	1	85.83815	-31.16569	-6.011899E-007	8.470203E-005	9	5.851619E-005	0.0050229	1467.341	0.0044535	0.0008218	0.0013707	-0.0022658	8.240371E-005	-0.2273119	7.65342E-006	4.00613E-006	-2.255739E-005	2.077188E-005	9.596624E-007	-2.395091E-006	-1.418346E-006	-3.251708E-005	-2.053221E-006	1.353182E-006	-8.109958E-006	-5.126341E-005	-1.123062E-006	5.462953E-007	2.824631E-005	-2.136865E-005	6.643277E-007	-8.071093E-007	-7.219928E-005	-7.269783E-005	-5.302488E-006	9.597752E-007	-4.418844E-005	8.367642E-007	1.224817E-007	-1.16811E-006	8.274443E-005	-1.958813E-005	-1.814609E-006	-2.701911E-006	5.922513E-006	-7.509179E-005	-2.760355E-006	-6.921783E-007	1.098122E-005	5.891593E-005
	43	65	75	85.18553	-47.07703	1	97.3284	-28.92685	-4.53E-007	8.49599E-005	8	5.139172E-005	0.0050019	1466.799	0.003683	0.0009705	0.0011405	-0.0020269	0.0017988	-0.2263522	4.358744E-006	4.600589E-006	4.343194E-005	-1.197928E-005	-5.350995E-007	-1.423557E-006	4.24133E-005	6.853676E-005	2.271372E-007	1.391992E-006	-3.671234E-005	4.383051E-005	9.092601E-007	1.190751E-006	1.655705E-005	0.000118	-6.390584E-007	4.40501E-007	1.883396E-005	-3.029709E-006	-1.13514E-007	2.41517E-006	4.574755E-005	4.793608E-005	-1.190107E-006	8.01705E-007	-4.363515E-005	-1.373811E-005	-3.501556E-007	3.725851E-006	-8.027128E-007	0.000112	-8.808257E-007	1.835795E-006	-2.255067E-005	4.86474E-005
	44	66	54.50581	80.56032	-60.08916	1	100.5021	-36.7189	-5.074555E-007	2.633388E-005	8	4.97537E-005	0.0050004	1467.341	0.0026543	0.0005974	0.0027432	-0.0035712	0.0064924	-0.452534	8.426501E-006	2.383047E-006	3.196138E-005	-1.307165E-005	2.281005E-006	-3.113161E-006	1.940213E-005	2.77772E-005	-1.032357E-006	1.919315E-006	-2.805224E-005	7.69633E-006	-1.475783E-007	5.996499E-007	-0.0001156	-1.059477E-005	-1.129687E-006	-5.43847E-007	-6.563073E-005	2.469707E-005	-2.162407E-006	4.81144E-006	1.183274E-005	0.0001921	1.194603E-006	-1.707558E-007	-2.12965E-005	-4.305331E-007	-2.584635E-006	2.900424E-006	-7.238068E-005	7.76166E-005	2.707238E-007	3.66279E-007	2.095752E-006	5.260621E-005
	45	68	45.95588	83.17502	-66.31255	1	106.374	-38.56414	-4.089209E-007	2.097966E-005	8	4.696985E-005	0.0049965	1466.98	0.0032723	0.0004374	0.0024713	-0.0034591	-0.0236204	-0.4516125	1.115046E-005	3.795441E-006	0.0001011	-2.558968E-005	9.12929E-007	-5.843031E-006	1.289381E-005	-1.183265E-005	-8.194148E-007	1.051379E-006	2.767926E-005	-3.358743E-006	4.622379E-007	1.112278E-006	5.699688E-005	2.979914E-005	-1.108707E-006	3.767809E-007	-2.661784E-005	-1.524536E-005	-1.135653E-006	2.826643E-006	2.593146E-005	0.0001122	-5.505463E-007	6.234495E-007	1.700246E-005	2.389451E-005	-2.49529E-008	2.209261E-006	1.868152E-005	7.750068E-005	-3.672504E-007	4.717349E-007	-3.814855E-005	1.285793E-005
	46	69	37.5	90.13613	-73.03972	1	116.0143	-39.01878	-3.729576E-007	1.92992E-005	8	4.309202E-005	0.0049994	1467.522	0.0032935	0.0007265	0.002339	-0.003121	-0.0169556	-0.4521729	1.044056E-005	4.190959E-006	3.07794E-005	-6.736925E-005	6.222763E-007	-4.110606E-006	1.284509E-005	0.0001048	-4.756513E-007	1.36489E-006	-2.389407E-005	2.634656E-005	-8.011813E-007	1.587343E-006	5.338329E-005	-2.47249E-005	-1.118642E-006	7.232247E-007	-0.0001571	-1.056917E-005	-1.684384E-009	2.936313E-007	-7.709024E-005	-8.00354E-006	-5.242292E-007	9.413297E-007	-8.514175E-005	-4.445774E-005	-1.245662E-006	3.324371E-006	7.640925E-005	0.0002014	2.279194E-008	5.29697E-007	-2.546236E-006	1.728366E-005
	47	71	30.04808	98.9462	-81.2307	1	128.0187	-39.38455	-3.976687E-007	2.233792E-005	8	3.906097E-005	0.0050006	1466.98	0.0034862	0.000606	0.0021743	-0.0027877	-0.0111719	-0.452463	9.44675E-006	5.409435E-006	-3.495621E-005	2.651457E-005	1.103887E-006	-3.901495E-006	9.705545E-007	5.379844E-005	-5.659277E-007	1.516331E-006	-8.831919E-005	-3.348129E-005	-6.464435E-007	1.308305E-006	8.923549E-005	-0.0001174	-9.178803E-007	4.111398E-007	-8.650658E-005	-8.780787E-006	5.375969E-007	-3.336646E-007	1.80426E-005	-0.0001018	-4.425311E-007	7.579383E-007	-3.160376E-005	1.652777E-006	-1.135466E-006	2.824336E-006	2.414011E-005	0.0001231	-4.945087E-007	7.212511E-007	-5.501516E-005	-4.16022E-005
	48	72	23.91582	108.7015	-90.86165	1	141.6752	-39.89164	-3.553973E-007	2.098636E-005	8	3.528575E-005	0.0049991	1467.522	0.0036415	0.0003384	0.0020096	-0.0024822	-0.0069783	-0.4524172	8.884617E-006	5.686908E-006	2.164423E-006	-3.319438E-006	1.830647E-006	-3.827172E-006	1.428707E-005	4.143978E-006	-3.416973E-007	1.143878E-006	-0.0000972	-2.688563E-005	-1.77135E-007	4.582462E-007	-4.297673E-005	-5.887155E-005	-3.799724E-007	7.543649E-007	1.413398E-006	1.847274E-005	-6.382271E-007	1.009463E-006	8.71229E-006	3.017159E-005	-4.615778E-007	2.89825E-007	1.178091E-005	-4.068877E-005	-3.442493E-007	1.158172E-006	-1.38396E-005	4.815015E-005	-2.805555E-007	5.793172E-007	-4.54338E-005	-5.043549E-006
	49	74	18.8253	120.373	-102.0925	1	157.8371	-40.30243	-3.146233E-007	1.930061E-005	8	3.16818E-005	0.0050006	1466.98	0.0039254	0.0003662	0.0018393	-0.0021999	-0.0030983	-0.4525904	7.995235E-006	5.775914E-006	2.681188E-005	-2.856439E-005	2.272709E-006	-3.936668E-006	-3.619662E-005	-1.042968E-005	-1.954704E-007	1.311452E-006	-5.826588E-008	-1.011151E-005	-6.157753E-007	1.696364E-006	3.213179E-006	-9.067016E-006	-5.313433E-007	4.095509E-007	-5.23856E-005	-5.344548E-006	-6.176634E-007	1.037421E-006	3.75855E-005	0.0000958	-3.510614E-007	3.36805E-007	5.698891E-005	-3.822648E-005	-5.373914E-007	1.080638E-006	-2.558692E-005	3.645333E-005	-5.279982E-008	3.694568E-007	-2.688199E-005	-5.955346E-005
	50	75	15.02404	132.3658	-114.0573	1	174.7277	-40.75088	-2.869182E-007	2.145346E-005	8	2.861156E-005	0.0049992	1467.431	0.0040828	0.0004376	0.0016889	-0.0019631	-0.0002917	-0.4524799	7.441215E-006	5.801289E-006	0.0000962	2.876504E-005	2.32811E-006	-3.354739E-006	-1.722944E-005	-2.573168E-005	-3.943133E-007	9.34428E-007	-7.495809E-005	-3.148885E-005	-4.357918E-007	1.029664E-006	-1.956063E-005	6.601994E-005	-5.480052E-007	2.62542E-007	3.085609E-005	-4.777647E-005	-2.715369E-007	9.303067E-007	1.039027E-005	3.209332E-005	-3.130499E-007	4.45677E-007	2.165342E-005	5.164942E-005	-6.151478E-007	1.249484E-006	1.06759E-005	6.535204E-005	-3.513234E-007	3.726618E-007	-3.026464E-005	-6.338246E-005
	51	77	11.95791	146.2243	-127.5958	1	194.0676	-41.10807	-2.544041E-007	2.301208E-005	8	2.576618E-005	0.0050004	1467.341	0.0041594	0.0002332	0.0015411	-0.0017504	0.0020547	-0.4525789	6.712758E-006	5.584867E-006	1.14959E-005	4.527476E-006	2.314087E-006	-3.071E-006	-2.951216E-006	6.021532E-006	-3.549395E-007	8.735146E-007	-2.828078E-005	-1.561978E-005	-2.386296E-007	6.951127E-007	3.427261E-005	1.770358E-005	-5.319108E-007	3.277082E-007	-5.876483E-005	4.051052E-005	-1.575245E-009	4.659573E-007	-3.938477E-006	1.292439E-005	-2.004072E-007	5.399852E-007	-1.909002E-005	2.564979E-005	-2.971246E-007	6.270629E-007	-3.275832E-005	3.20293E-005	-1.602421E-007	4.201256E-007	-2.71044E-007	-3.882379E-006
	52	79	9.52744	161.7096	-142.7008	1	215.6699	-41.42681	-2.276013E-007	2.388463E-005	8	2.318148E-005	0.0049996	1466.98	0.0043077	0.0002898	0.0014016	-0.0015613	0.0039073	-0.4524911	6.027662E-006	5.30475E-006	3.867422E-005	-9.041786E-006	2.369907E-006	-2.84965E-006	-1.429391E-005	6.660471E-005	-2.825091E-007	8.241514E-007	-4.571733E-005	1.015155E-005	-2.865563E-007	9.689443E-007	7.268623E-006	2.406038E-005	-4.290142E-007	3.113328E-007	-6.803295E-005	-3.473407E-005	-1.527915E-007	6.488117E-007	-2.393485E-005	-1.33127E-005	-1.127883E-007	3.001051E-007	1.69072E-005	3.690366E-006	-3.052956E-007	7.875733E-007	-6.273026E-006	5.132926E-006	1.175758E-007	3.794557E-007	1.455618E-005	3.141089E-005
	53	81	7.524077	179.5224	-160.3727	1	240.7233	-41.77537	-2.006748E-007	2.134233E-005	8	2.076799E-005	0.0049993	1466.98	0.0043823	0.0003353	0.0012687	-0.0013869	0.0053716	-0.4524568	5.493412E-006	5.025095E-006	7.061465E-005	-4.587257E-005	2.100604E-006	-2.495571E-006	-2.272921E-005	2.99136E-005	-2.41047E-007	5.902098E-007	-3.3149E-005	-3.405509E-005	-1.054723E-007	5.537163E-007	-6.820353E-006	1.08422E-005	-5.123548E-007	2.155712E-007	-8.82173E-005	1.582865E-005	-1.400222E-007	6.127239E-007	1.925443E-005	2.501997E-005	-1.660228E-007	2.814345E-007	-3.437939E-005	-1.038415E-005	-1.241551E-007	3.825244E-007	1.761722E-005	-3.555842E-005	-7.633026E-008	2.903153E-007	-3.797294E-006	-1.352857E-005
	54	83	5.98659	199.011	-179.5845	1	268.0597	-42.06261	-1.783809E-007	1.989742E-005	8	1.865524E-005	0.0050007	1466.98	0.004471	0.0002991	0.0011492	-0.001237	0.0065783	-0.4525659	4.897312E-006	4.711272E-006	7.899161E-005	2.517487E-005	2.099163E-006	-2.205515E-006	-2.390341E-006	3.570558E-005	-2.179913E-007	5.1556E-007	-2.273804E-005	-2.92268E-005	-2.177912E-007	7.526551E-007	-4.129746E-005	3.645477E-005	-2.77767E-007	1.914191E-007	-6.443106E-005	-1.755162E-005	-1.683984E-007	3.826044E-007	-1.199167E-005	1.097792E-005	-2.124434E-007	2.781662E-007	1.366381E-005	3.080095E-006	-1.153949E-007	4.2086E-007	2.273312E-005	-4.067487E-006	-7.406016E-009	1.005128E-007	1.629293E-005	6.76229E-006
	55	85	4.76372	220.8023	-201.1335	1	298.6776	-42.33105	-1.592277E-007	2.250007E-005	8	1.674077E-005	0.0050001	1466.889	0.0045884	0.0001904	0.0010386	-0.0011032	0.0074464	-0.4524957	4.373156E-006	4.429088E-006	3.765337E-005	3.698838E-005	2.011074E-006	-2.090859E-006	1.552602E-005	1.104155E-005	-3.04075E-007	4.658223E-007	-1.294441E-005	9.506479E-006	-1.596573E-007	5.344857E-007	-2.610061E-006	1.455701E-007	-3.068935E-007	1.819612E-007	-3.75373E-005	6.84298E-006	-1.860463E-007	4.057651E-007	-3.354941E-005	-8.143908E-007	-1.066783E-007	2.030065E-007	-1.93665E-005	-9.849967E-006	-1.491571E-007	3.392543E-007	1.703111E-005	1.836829E-005	-4.516006E-008	1.939875E-007	1.705349E-005	6.237853E-006
	56	87	3.76506	245.9711	-226.0081	1	334.0381	-42.57804	-1.391351E-007	1.861665E-005	8	1.496889E-005	0.0050002	1466.889	0.0046866	0.0002109	0.0009346	-0.0009809	0.0082214	-0.4524901	3.926236E-006	4.0932E-006	6.217619E-005	1.698618E-005	1.941966E-006	-1.849144E-006	-1.977544E-005	-7.774085E-006	-1.76794E-007	4.412093E-007	-1.982134E-005	4.682708E-006	-1.278686E-007	5.38656E-007	2.250678E-005	3.767221E-005	-2.461466E-007	1.674884E-007	-3.423249E-005	-1.418287E-005	-1.984636E-007	3.481277E-007	-3.871218E-006	2.766705E-006	-1.525223E-007	2.04921E-007	-4.230024E-006	-2.525897E-005	-3.427341E-008	2.864758E-007	-2.920293E-006	2.955312E-006	-9.518591E-008	1.282956E-007	-8.05485E-006	5.651025E-006
	57	90	3.008665	272.88	-252.5934	1	371.8426	-42.78912	-1.243057E-007	2.12757E-005	8	1.344566E-005	0.0049997	1466.889	0.0047117	0.0002135	0.0008439	-0.0008768	0.0088148	-0.4524326	3.542805E-006	3.757215E-006	5.416296E-005	2.090616E-005	1.742784E-006	-1.573353E-006	1.09025E-005	1.244525E-005	-1.855224E-007	3.183952E-007	-5.038052E-005	-1.272576E-005	-9.023735E-008	3.712128E-007	9.776893E-006	1.208784E-005	-1.868921E-007	1.022804E-007	-3.665687E-005	5.083664E-006	-5.921175E-008	2.898109E-007	-1.146662E-005	-1.967489E-005	-1.115977E-007	2.320926E-007	-1.063527E-006	-5.05781E-006	-1.90802E-007	3.888808E-007	1.025709E-005	1.357131E-005	-9.930592E-008	1.358771E-007	-1.865345E-005	-1.390211E-005
	58	93	2.38186	304.268	-283.6414	1	415.9706	-42.99062	-1.083508E-007	2.169742E-005	8	1.202108E-005	0.0050004	1466.889	0.0048105	0.0001886	0.000758	-0.0007805	0.0092611	-0.4524913	3.142914E-006	3.449413E-006	3.882375E-005	6.399567E-006	1.684972E-006	-1.491425E-006	1.166291E-005	2.079505E-005	-1.180097E-007	3.149623E-007	-1.764094E-005	4.110705E-006	-1.346862E-007	3.803325E-007	-8.243254E-006	2.346355E-005	-1.936478E-007	1.111066E-007	-3.904569E-005	1.765657E-006	-9.800716E-008	2.988613E-007	1.482928E-006	4.184115E-005	-7.075051E-008	1.299468E-007	-1.23228E-005	-9.418292E-007	-1.682829E-007	2.495949E-007	-7.732248E-006	2.651192E-005	-5.175844E-008	1.222252E-007	4.037618E-006	-3.207119E-006
	59	96	1.890121	339.2129	-318.1367	1	465.0553	-43.16359	-9.46149E-008	2.182615E-005	8	1.075159E-005	0.0050001	1466.889	0.0048417	0.0001623	0.0006806	-0.0006955	0.0096205	-0.4524538	2.820658E-006	3.132963E-006	4.074392E-005	-1.047954E-005	1.488639E-006	-1.337921E-006	2.169894E-006	2.628867E-005	-1.15163E-007	2.98598E-007	-1.589641E-005	1.671542E-007	-1.333692E-007	3.338337E-007	-4.84071E-006	3.457256E-005	-1.75517E-007	1.048218E-007	-2.840797E-005	-6.636751E-006	-3.242077E-008	1.908158E-007	-4.701725E-008	3.961013E-006	-9.686847E-008	1.538133E-007	-9.020675E-006	4.880814E-006	-3.361039E-008	2.128068E-007	7.123133E-006	1.075747E-005	-2.771049E-008	1.723211E-007	1.578371E-005	-8.223186E-006
	60	100	1.502404	378.106	-356.4475	1	519.6335	-43.31111	-8.301141E-008	2.22426E-005	8	9.621972E-006	0.0049999	1466.889	0.0048903	0.000209	0.0006112	-0.0006204	0.0099415	-0.4524301	2.529514E-006	2.850806E-006	3.018331E-005	3.895366E-005	1.385532E-006	-1.184881E-006	4.736183E-006	3.999427E-005	-1.137514E-007	2.364403E-007	-2.71108E-005	-2.380159E-005	-1.149492E-007	3.116227E-007	-6.041272E-006	3.030452E-005	-1.206308E-007	6.381447E-008	-3.25783E-005	-8.881162E-006	-5.575204E-008	2.003014E-007	-9.493714E-006	-6.043251E-006	-8.292501E-008	1.018839E-007	-2.422478E-005	2.457506E-006	1.184526E-008	1.213257E-007	-7.431693E-006	-2.620683E-005	-5.456424E-008	1.111916E-007	-5.335999E-006	-3.093846E-006
	61	105	1.195791	421.4868	-399.0995	1	580.4581	-43.43724	-7.158653E-008	2.185993E-005	8	8.614035E-006	0.0050001	1466.889	0.0049429	0.0001586	0.0005487	-0.0005539	0.0101907	-0.4524415	2.281606E-006	2.567964E-006	1.633256E-005	-1.065461E-005	1.254637E-006	-1.112429E-006	-9.680211E-006	2.118089E-005	-9.131055E-008	2.052124E-007	-2.22781E-005	1.399134E-006	-1.137341E-007	2.621693E-007	1.47018E-007	2.342505E-005	-1.251228E-007	4.894059E-008	-4.286362E-005	-1.893152E-005	-4.668255E-008	1.951519E-007	-9.797223E-007	2.393277E-005	-6.839947E-008	1.124106E-007	5.927344E-006	8.472751E-006	-2.91916E-008	1.435981E-007	-2.999281E-006	-9.336583E-006	-3.957485E-008	9.408814E-008	-7.695971E-006	1.214706E-005
	62	110	0.9486946	470.8919	-447.843	1	649.8481	-43.56288	-7.078043E-008	1.965136E-005	8	7.693901E-006	0.0049999	1466.889	0.005076	0.0001944	0.0004913	-0.0004935	0.0103725	-0.4524175	2.005121E-006	2.480941E-006	5.31901E-005	2.439392E-007	1.118618E-006	-8.772092E-007	-1.03002E-005	1.937898E-005	-1.285639E-007	2.432351E-007	-4.235438E-005	6.893642E-006	-8.875714E-008	2.714411E-007	-1.230683E-005	1.773216E-005	-1.417407E-007	8.734423E-008	-3.315098E-005	-1.038881E-005	-4.527375E-008	1.924318E-007	6.368631E-006	6.469774E-006	-7.856353E-008	1.191047E-007	-1.277859E-005	-1.09468E-005	-8.885719E-008	1.716694E-007	-1.218039E-005	-9.773933E-006	-5.867515E-008	1.142262E-007	-1.544126E-005	7.898387E-006
	63	116	0.7515633	526.6595	-502.496	1	727.9234	-43.655	-5.937014E-008	1.988238E-005	8	6.869158E-006	0.0050002	1466.889	0.0050963	0.0001744	0.0004395	-0.0004397	0.0105367	-0.4524458	1.785761E-006	2.212918E-006	3.776221E-005	-1.932969E-005	1.058766E-006	-7.899415E-007	-9.429788E-007	-2.015902E-006	-9.068618E-008	2.084905E-007	-4.010199E-005	-1.931217E-005	-7.484915E-008	2.376372E-007	-4.478178E-006	2.424519E-005	-1.204576E-007	7.529559E-008	-3.654288E-005	-4.837782E-006	-4.984305E-008	1.759424E-007	1.668771E-005	-1.186207E-006	-5.007224E-008	1.068777E-007	-8.324104E-006	-7.771451E-006	-2.587694E-008	1.317487E-007	-1.232838E-006	7.409035E-007	-3.212154E-008	8.876691E-008	-6.413001E-006	5.172224E-006
	64	123	0.5978954	588.1136	-562.6191	1	813.8906	-43.73082	-5.226192E-008	2.231868E-005	8	6.143413E-006	0.0050001	1466.889	0.0051062	0.0001815	0.0003937	-0.0003927	0.0106279	-0.4524296	1.61034E-006	1.972397E-006	4.651738E-005	4.46631E-006	9.605756E-007	-7.180597E-007	2.819928E-006	2.215347E-005	-8.212602E-008	1.560576E-007	-3.972888E-005	-4.881332E-007	-6.157007E-008	2.090549E-007	-9.521974E-006	8.875802E-006	-9.777979E-008	5.786592E-008	-4.151524E-005	-2.166297E-005	-5.208586E-008	1.317519E-007	-4.588118E-006	2.49872E-006	-1.170656E-008	9.491487E-008	5.957874E-006	2.261008E-006	-4.917684E-008	1.041071E-007	4.149304E-006	3.903151E-006	-1.807575E-008	7.190692E-008	2.531437E-006	4.071022E-006
	65	131	0.4763719	656.405	-629.2089	1	909.2697	-43.78813	-3.917462E-008	2.233166E-005	7	5.494976E-006	0.0049964	1466.799	0.0051402	0.0001526	0.0003523	-0.000351	0.0104236	-0.4521038	1.458669E-006	1.7682E-006	3.965132E-005	-1.558926E-005	8.646102E-007	-6.629127E-007	4.538466E-006	2.188775E-005	-5.846551E-008	1.353927E-007	-2.150793E-005	6.051105E-006	-5.428002E-008	1.751625E-007	9.766532E-006	1.307896E-005	-7.086193E-008	3.341029E-008	-3.01728E-005	-1.240027E-005	-3.520564E-008	1.128047E-007	-8.42297E-006	8.282805E-007	-2.48715E-008	7.499489E-008	-1.572915E-005	-7.954529E-006	-1.49239E-008	9.623864E-008	5.000009E-006	-1.347079E-005	-2.389788E-008	5.066022E-008	-4.945091E-006	-2.693741E-006
	66	140	0.3780242	734.4542	-705.0667	1	1018.107	-43.83048	-3.254294E-008	2.349316E-005	7	4.911241E-006	0.0050002	1466.889	0.0051478	0.0001705	0.0003152	-0.0003134	0.0105358	-0.4524411	1.297764E-006	1.566172E-006	3.48708E-005	2.624869E-006	7.959707E-007	-6.239483E-007	-8.084114E-006	1.165221E-006	-5.838821E-008	1.132322E-007	-2.313651E-005	-8.785847E-006	-7.696736E-008	1.47958E-007	-6.599367E-006	3.566722E-005	-8.063263E-008	1.057674E-008	-3.912489E-005	-1.152513E-005	-1.00581E-008	1.000171E-007	-6.373158E-007	-1.080159E-005	-4.280993E-008	4.531364E-008	-2.513864E-005	-1.346838E-006	-4.710047E-008	7.306971E-008	-7.367927E-007	3.174922E-006	-2.82248E-008	5.633069E-008	-8.521806E-006	1.550396E-005
	67	152	0.3004808	821.4028	-789.3262	1	1139.183	-43.85915	-2.695007E-008	2.253301E-005	7	4.389653E-006	0.0050006	1466.889	0.0051782	0.0001809	0.0002819	-0.0002799	0.0106239	-0.4524797	1.168554E-006	1.398676E-006	4.798452E-005	8.348296E-006	7.235155E-007	-5.788907E-007	-6.715652E-006	1.425125E-005	-4.224786E-008	8.062307E-008	-3.061586E-005	-3.219598E-006	-2.820889E-008	1.377839E-007	7.69613E-006	2.553194E-005	-6.777919E-008	3.070886E-008	-3.915978E-005	-5.952091E-006	-1.760418E-008	8.120696E-008	3.233028E-006	3.501525E-006	-2.583738E-008	3.462526E-008	-1.896016E-005	1.71976E-006	-5.026187E-008	7.838355E-008	2.18564E-006	1.976435E-005	-1.955232E-008	2.732827E-008	-6.805946E-006	-5.079864E-006
	68	167	0.238186	920.9125	-885.3596	1	1277.475	-43.87239	-2.297711E-008	2.426554E-005	7	3.916503E-006	0.0050031	1467.431	0.0051022	0.0002209	0.0002341	-0.0002662	-0.0202433	-0.4523733	1.17175E-006	1.097086E-006	5.49829E-005	1.632081E-005	4.925646E-007	-6.418853E-007	-1.615717E-005	3.892073E-005	-4.470031E-008	8.095157E-008	-3.33576E-005	9.059397E-006	-3.34053E-008	1.107172E-007	4.422327E-006	4.204788E-005	-6.773076E-008	4.279082E-008	-3.027456E-005	2.209404E-005	-1.492617E-008	5.504842E-008	8.188072E-007	-3.34454E-006	-2.91991E-008	2.865386E-008	-2.077146E-005	-6.008661E-006	-1.721424E-008	6.710127E-008	4.997943E-006	2.776971E-006	-2.467573E-008	3.594857E-008	3.015506E-006	6.04798E-006
	69	185	0.1890121	1031.245	-991.446	1	1430.535	-43.87276	-2.020669E-008	2.416375E-005	7	3.495338E-006	0.0050001	1466.98	0.0051052	0.0001887	0.0002122	-0.0002346	-0.0138151	-0.4523465	1.038873E-006	9.883138E-007	4.558288E-005	-2.801241E-005	4.804742E-007	-5.437802E-007	-1.674495E-005	1.69059E-005	-3.417041E-008	6.534179E-008	-3.286499E-005	4.573492E-006	-2.135425E-008	9.180837E-008	1.295883E-005	2.23485E-005	-6.770507E-008	1.522795E-008	-3.721682E-005	1.429375E-005	-1.846115E-008	5.17723E-008	3.972149E-006	1.621338E-005	-2.707361E-008	2.990521E-008	-6.18538E-006	6.165879E-006	-9.667248E-009	3.079424E-008	3.486988E-006	-3.679875E-006	-1.422313E-008	2.974764E-008	-9.774813E-006	-5.502575E-006
	70	208	0.1502404	1154.305	-1109.204	1	1600.86	-43.85852	-1.880883E-008	2.486443E-005	7	3.123941E-006	0.0050009	1467.522	0.005128	0.0002084	0.000192	-0.0002076	-0.0087403	-0.4525477	9.076905E-007	9.180931E-007	7.546417E-005	1.213466E-006	4.468677E-007	-4.625888E-007	1.725319E-005	2.351312E-005	-3.688366E-008	5.303406E-008	-2.727535E-005	-8.340875E-006	-2.785373E-008	8.132304E-008	-5.5391E-006	1.351793E-005	-5.42807E-008	1.335638E-008	-2.70608E-005	2.393907E-006	-1.105491E-008	5.566494E-008	6.84071E-006	9.590294E-006	-2.068214E-008	3.211801E-008	-3.831026E-006	1.832654E-006	-1.213198E-008	3.882008E-008	-5.116454E-007	-1.979017E-006	-2.076627E-008	1.820206E-008	-1.508588E-005	-1.394021E-005
	71	234	0.1193355	1293.238	-1242.756	1	1793.574	-43.85962	-3.555247E-008	2.421985E-005	7	2.7879E-006	0.0050003	1466.98	0.0054341	0.00021	0.000173	-0.0001837	-0.0046607	-0.4525482	7.760857E-007	9.726668E-007	6.001437E-005	-1.220747E-005	4.118024E-007	-3.249317E-007	-4.910108E-006	3.516832E-005	-3.417859E-008	1.18934E-007	-1.845497E-005	4.51065E-006	-2.567845E-008	1.251007E-007	4.576577E-007	2.594051E-005	-5.521589E-008	5.353746E-008	-4.849337E-005	4.85991E-006	-2.29602E-008	8.606452E-008	7.943396E-006	6.607239E-006	-2.870456E-008	6.192977E-008	-8.748525E-006	9.191426E-006	-2.429692E-008	5.486947E-008	-2.700341E-006	1.272757E-005	-1.806984E-008	5.052243E-008	-1.093236E-005	7.469192E-006
	72	266	0.0946587	1450.35	-1393.039	1	2010.988	-43.84529	-4.949319E-008	2.507013E-005	7	2.486633E-006	0.0050006	1467.091	0.005869	0.0001631	0.0001554	-0.0001628	-0.001431	-0.4525972	6.65774E-007	1.013181E-006	3.060058E-005	5.830927E-006	3.594484E-007	-1.883549E-007	-2.320501E-005	2.855481E-005	-4.664299E-008	1.725196E-007	-2.74239E-005	-2.912122E-006	-4.109257E-008	1.591577E-007	-6.736897E-006	2.147106E-005	-5.627681E-008	9.799084E-008	-3.906611E-005	-4.892355E-007	-3.104174E-008	1.239072E-007	-3.375958E-006	1.50018E-005	-3.013611E-008	8.315669E-008	-6.758405E-006	-8.221542E-007	-2.738784E-008	8.627455E-008	3.538793E-006	4.22477E-006	-2.056959E-008	7.634355E-008	-2.785266E-006	3.347843E-006
