EXPLAIN
TAG	EISPOT
TITLE	LABEL	Potentiostatic EIS	Test Identifier
DATE	LABEL	2/6/2024	Date
TIME	LABEL	12:43:46	Time
NOTES	NOTES	1	Notes...
	
PSTAT	PSTAT	IFC1010-20135 JB	Potentiostat
VDC	POTEN	0.00000E+000	T	DC Voltage (V)
FREQINIT	QUANT	1.50000E+006	Initial Freq. (Hz)
FREQFINAL	QUANT	1.00000E-001	A Real Number
PTSPERDEC	QUANT	1.00000E+001	Points/decade
VAC	QUANT	1.00000E+000	AC Voltage (mV rms)
AREA	QUANT	1.00000E+000	Sample Area (cm^2)
SPEED	SELECTOR	1	Optimize for:
DRIFTCOR	SELECTOR	0	Drift Correction
THD	SELECTOR	1	THD
ZGUESS	QUANT	1.00000E+002	Estimated Z (ohms)
EOC	QUANT	-3.61446E-005	Open Circuit (V)
SEQUENCER	TOGGLE	TRUE	Run as Sequence
PSTATMODEL	IQUANT	64	Pstat Model
PSTATSECTION	LABEL	IFC1010-20135	Pstat Section
PSTATSERIALNO	LABEL	20135	Pstat Serial Number
CTRLMODE	IQUANT	1	Control Mode
ELECTROMETER	IQUANT	0	RE=0 or CS=1
IESTAB	IQUANT	0	I/E Stability
CASPEED	IQUANT	3	Control Amp Speed
CONVENTION	IQUANT	1	Current Convention
ICHRANGE	IQUANT	2	Ich Range
ICHRANGEMODE	TOGGLE	F	Ich Auto Range
ICHOFFSETENABLE	TOGGLE	T	Ich Offset Enable
ICHOFFSET	QUANT	0	Ich Offset (V)
ICHFILTER	IQUANT	4	Ich Filter
VCHRANGE	IQUANT	2	Vch Range
VCHRANGEMODE	TOGGLE	F	Vch Auto Range
VCHOFFSETENABLE	TOGGLE	T	Vch Offset Enable
VCHOFFSET	QUANT	0	Vch Offset (V)
VCHFILTER	IQUANT	4	Vch Filter
IERANGELOWERLIMIT	IQUANT	4	I/E Range Lower Limit
IERANGEMODE	TOGGLE	F	I/E AutoRange
IERANGE	IQUANT	11	I/E Range
ACHSELECT	IQUANT	0	Ach Select
ACHRANGE	IQUANT	2	Ach Range
ACHOFFSETENABLE	TOGGLE	F	Ach Offset Enable
ACHOFFSET	QUANT	0	Ach Offset (V)
ACHFILTER	IQUANT	1	Ach Filter
SENSECABLEID	IQUANT	13	Sense Cable ID
PWRCABLEID	IQUANT	13	Power Cable ID
DCCALDATE	LABEL	1/30/2024	DC Calibration Date
ACCALDATE	LABEL	1/10/2018	AC Calibration Date
FRAMEWORKVERSION	LABEL	7.10.3	Framework Version
INSTRUMENTVERSION	LABEL	4.91	Instrument Version
COMMVERSION	LABEL	3.10	Communications Version
CPUPLDVERSION	LABEL	2.22	CPU PLD Version
CTRLPLDVERSION	LABEL	0.00	CTRL PLD Version
PSTATPLDVERSION	LABEL	0.00	PSTAT PLD Version
ZCURVE	TABLE
	Pt	Time	Freq	Zreal	Zimag	Zsig	Zmod	Zphz	Idc	Vdc	IERange	Imod	Vmod	Temp	Ithd	Vthd	IHr1	IHi1	VHr1	VHi1	IHr2	IHi2	VHr2	VHi2	IHr3	IHi3	VHr3	VHi3	IHr4	IHi4	VHr4	VHi4	IHr5	IHi5	VHr5	VHi5	IHr6	IHi6	VHr6	VHi6	IHr7	IHi7	VHr7	VHi7	IHr8	IHi8	VHr8	VHi8	IHr9	IHi9	VHr9	VHi9	IHr10	IHi10	VHr10	VHi10
	#	s	Hz	ohm	ohm	V	ohm	°	A	V	#	A	V	°C	#	#	A	A	V	V	A	A	V	V	A	A	V	V	A	A	V	V	A	A	V	V	A	A	V	V	A	A	V	V	A	A	V	V	A	A	V	V	A	A	V	V
	0	4	1500059	4.759761	0.6240465	1	4.800496	7.469376	1.11953E-006	-0.0003889	9	0.0001881	0.0009914	1466.799	0.0030676	0.0059487	0.0071281	0.0154634	0.0477068	0.0759954	-3.750684E-005	2.474701E-005	6.378541E-006	0.0001854	2.067987E-006	1.522086E-005	0.0002572	0.0001877	9.844007E-007	-1.184855E-005	-7.342598E-005	-0.0001341	-5.322037E-006	-9.931381E-006	-6.747477E-005	5.763128E-005	1.453314E-006	-4.17532E-006	0.0000995	-9.289056E-005	6.383882E-006	1.656263E-007	0.0001694	2.722423E-005	3.797562E-006	-7.852116E-006	-8.298106E-005	0.0001251	-2.060202E-006	5.055543E-006	7.412353E-005	-5.328854E-006	-6.04694E-006	1.451284E-006	-0.0001521	-0.0001369
	1	5	1191504	4.623383	0.5430176	1	4.655163	6.698715	2.226308E-006	-0.0003233	9	0.0002398	0.001185	1467.522	0.0019021	0.0073577	-0.0091862	-0.0196681	-0.0529564	-0.0932646	-2.522635E-005	-1.586874E-005	-0.0001269	-0.0004575	-4.70553E-006	-1.669127E-005	-6.122014E-005	0.0003232	7.558687E-006	1.030609E-006	1.175744E-005	3.910944E-005	6.107708E-006	1.711887E-007	0.0001225	0.0002702	9.219348E-006	5.378228E-006	0.0001727	-6.05676E-005	-8.503587E-006	6.191513E-006	-0.0003291	1.126817E-005	-1.262305E-005	1.186236E-007	-0.0001845	8.675081E-005	-1.062395E-006	-7.301716E-007	-4.227525E-005	-2.260535E-005	3.623638E-006	-4.663286E-006	0.0001009	-5.870639E-005
	2	7	946464.9	4.565282	0.3965363	1	4.582471	4.964201	1.153821E-006	-0.0002794	9	0.0002511	0.0011946	1466.889	0.0020937	0.0049328	0.0156656	-0.0164619	0.0692847	-0.0830028	3.393038E-005	2.301566E-005	0.0001278	0.0002597	-6.669871E-006	1.401791E-005	-0.0001644	-0.0001556	-1.408397E-005	6.84167E-006	1.827788E-005	4.717673E-005	-1.34288E-006	3.245112E-006	5.612744E-005	-0.000127	-3.490649E-006	-1.255889E-006	5.775742E-005	-7.710968E-005	1.856366E-006	-3.042798E-006	-3.438857E-005	-1.00318E-005	4.448375E-007	-1.266046E-006	-0.000103	-0.0001785	-3.313993E-006	3.15097E-006	-8.555444E-005	-2.100971E-005	2.362067E-007	5.914793E-006	-3.879053E-005	-0.0002555
	3	8	751816.4	4.517251	0.2631777	1	4.524911	3.334316	1.254675E-006	-0.00025	9	0.0002614	0.0012113	1467.612	0.0018966	0.0060563	0.0126441	-0.0200019	0.0528841	-0.096033	2.839524E-005	2.211527E-005	0.0001355	0.000192	1.18175E-005	1.900239E-005	0.0002413	-0.0003007	6.911083E-006	-3.10265E-007	-0.0002975	0.0001147	-5.46052E-006	-3.284921E-006	-2.855377E-007	0.0001155	-7.440686E-007	-8.731019E-006	3.389164E-005	2.280658E-005	2.702109E-006	1.457695E-006	-4.457119E-005	7.506646E-005	1.251232E-006	-2.713503E-006	-4.500047E-005	0.0002762	1.803419E-007	-1.602486E-006	0.0001061	4.957581E-005	1.825974E-006	-5.338473E-006	0.000111	-9.13698E-005
	4	10	597246.1	4.496749	0.1841957	1	4.50052	2.345637	1.244552E-006	-0.0002331	9	0.0002694	0.0012304	1466.98	0.0020532	0.0037829	0.0047289	0.0239183	0.0272858	0.1079732	1.610862E-005	-2.16862E-005	6.76382E-005	-1.700502E-005	-3.785009E-005	-1.959416E-006	-2.296711E-005	-1.705706E-005	-4.928444E-007	1.197221E-005	7.942179E-005	-3.493386E-005	4.327565E-006	7.391209E-006	0.0001563	-0.0002036	5.881433E-006	-1.619628E-007	-7.814141E-005	-7.430349E-005	-1.471082E-006	-1.868524E-006	-1.798221E-005	0.0001262	2.821034E-006	-3.276146E-006	-6.535208E-005	9.407417E-005	-5.645948E-006	-1.987646E-006	0.0001866	4.185794E-005	-4.064758E-006	3.369001E-006	-0.0001288	6.51835E-005
	5	11	474433.6	4.491084	0.0421842	1	4.491282	0.5381569	1.271426E-006	-0.0002265	9	0.0002735	0.0012397	1467.612	0.0016484	0.0055909	0.0025725	-0.0246174	0.0044695	-0.112118	2.781677E-005	-1.034876E-005	0.0002905	-1.090819E-005	6.720948E-007	1.864671E-005	6.251983E-005	-0.0003519	-3.349474E-006	1.06384E-006	-5.428669E-005	0.0001722	6.240203E-006	8.718547E-006	7.247436E-006	0.0002175	-1.118731E-005	-8.478463E-006	-0.0001064	-1.788407E-005	8.161747E-006	3.577152E-007	0.0001005	-2.575712E-005	7.509079E-007	1.532229E-006	0.0001009	8.723181E-005	-1.916531E-006	7.101626E-007	2.146087E-005	0.0001819	2.894842E-006	-5.39409E-006	-4.63389E-005	-0.0001596
	6	13	376816.4	4.483491	-0.0612427	1	4.483909	-0.7825891	2.136391E-006	-0.0002254	9	0.0002768	0.0012484	1467.522	0.0018468	0.004848	-0.0221734	-0.011658	-0.1035304	-0.0452534	-2.551969E-005	-2.24393E-005	0.00012	-0.0001649	2.055269E-005	-1.473242E-005	8.08498E-005	0.0002083	7.126073E-006	2.651119E-006	-3.514946E-005	-3.848924E-006	-3.264021E-006	6.473827E-006	-4.091307E-005	-3.192162E-005	-1.654757E-006	3.735913E-007	-8.226292E-005	0.0003217	-5.686802E-006	-6.208721E-007	-2.803607E-005	-3.797777E-005	-1.680732E-006	7.368668E-006	6.400753E-005	-2.691933E-005	-3.292154E-006	1.827866E-007	-0.000191	-0.0001867	-9.237906E-006	6.845097E-006	-0.0001218	3.269798E-005
	7	14	299355.5	4.494785	-0.1666226	1	4.497873	-2.122994	2.065925E-006	-0.0002305	9	0.0002789	0.0012592	1467.251	0.0020612	0.0059298	0.0213376	0.0134918	0.1010617	0.0526851	-1.039642E-005	-1.207738E-005	8.224335E-005	-0.0001437	-3.754482E-005	2.175472E-005	-0.0001962	-0.0003954	1.013942E-005	-3.088935E-006	0.0001755	-0.0002639	1.311582E-005	4.154987E-006	5.361822E-005	6.46268E-005	5.22178E-006	-5.796349E-006	-0.0001381	-0.0002368	2.694462E-006	-5.495241E-006	-1.214584E-005	-4.57556E-005	-3.294613E-006	-1.517896E-006	0.0001012	1.540873E-005	2.422476E-006	-1.019692E-005	8.363657E-005	-7.983438E-005	5.962516E-006	-3.5274E-006	0.0001166	-0.0001103
	8	16	237832	4.501966	-0.2752115	1	4.510371	-3.498218	1.219174E-006	-0.0002376	9	0.0002798	0.0012648	1467.612	0.003093	0.0025537	0.0152012	0.0202521	0.0773291	0.0844147	-9.729935E-006	-1.082529E-005	-1.339382E-005	3.309065E-005	-3.297343E-005	-6.328654E-005	0.0001371	-0.0001441	-8.883349E-006	-9.688666E-008	-0.000103	-2.518715E-005	-2.169801E-005	4.465721E-006	6.201584E-005	-7.481135E-005	-9.696495E-006	5.522685E-006	-4.522006E-005	-3.364194E-005	-1.208944E-006	-2.07944E-006	-4.483271E-005	-3.496372E-005	2.685265E-006	2.52953E-006	2.488587E-005	9.134284E-005	2.847519E-006	7.141818E-006	-7.757243E-005	-1.229462E-006	6.688933E-006	3.546942E-006	-2.275105E-006	-5.034975E-005
	9	17	188847.7	4.518724	-0.3997721	1	4.536374	-5.055802	1.214833E-006	-0.0002428	9	0.0002809	0.0012763	1466.98	0.0042244	0.0055769	0.0031851	0.0252266	0.0277876	0.1121231	2.033779E-005	-1.765107E-005	0.000313	-6.958878E-005	0.0000991	6.18842E-006	0.0003094	0.0002945	1.129929E-005	7.913972E-006	5.036077E-005	5.793641E-006	1.939727E-005	3.031368E-006	-1.206645E-005	0.0001591	6.844697E-006	-7.472861E-006	3.916782E-005	8.566183E-005	1.201858E-005	7.24339E-006	-3.859113E-005	-2.299028E-005	6.932562E-006	2.175511E-006	-2.959394E-006	0.0001139	-1.77999E-006	1.705048E-006	-8.051401E-006	-0.0001649	-3.032386E-006	2.276938E-006	5.649898E-006	0.0002249
	10	18	150058.6	4.533543	-0.5296924	1	4.564382	-6.664139	1.120776E-006	-0.0002442	9	0.000283	0.0012927	1467.612	0.0052243	0.0061483	0.0074409	-0.0245052	0.0181061	-0.1155924	1.112837E-005	2.276946E-005	-8.007905E-006	0.000136	6.431854E-005	-0.000106	0.0006037	-8.896179E-005	-2.086378E-005	1.885665E-005	-6.189233E-005	0.000126	2.097894E-005	1.448216E-005	-2.267207E-005	7.920975E-005	-4.469098E-006	-3.014255E-006	7.606613E-005	1.215712E-005	-1.068575E-005	7.926217E-006	-0.0001161	-0.0001647	1.089953E-006	-6.984727E-006	0.0001157	-0.000142	-7.318865E-006	-6.438991E-006	0.0001367	2.277916E-005	9.126219E-006	4.583489E-006	-5.233841E-006	2.757287E-005
	11	20	119238.3	4.544073	-0.6702262	1	4.593235	-8.390324	1.112526E-006	-0.0002466	9	0.0002869	0.0013184	1466.98	0.0070177	0.006423	-0.0238537	-0.0102512	-0.1158734	-0.0284903	-1.528173E-006	-5.050562E-005	-0.0001459	-0.0001936	-8.256256E-005	0.0001333	-0.0004475	0.0001694	-3.985456E-005	-1.743954E-005	-0.0003072	0.0001081	-9.195735E-006	4.956051E-005	-0.0001106	-0.0001239	2.297868E-005	-1.422417E-005	0.0001207	-0.0002178	-5.938841E-006	2.133375E-005	-4.508467E-005	-0.0001079	-6.53288E-006	-8.296761E-006	0.0002122	-6.482262E-005	5.430687E-006	1.448142E-005	0.0001424	-0.0001181	-7.064752E-006	-1.38752E-006	-1.442409E-005	8.179569E-005
	12	21	94746.09	4.540929	-0.8619261	1	4.622007	-10.74761	1.949079E-006	-0.0002442	9	0.0002844	0.0013152	1467.612	0.0031594	0.0042538	0.0187015	-0.0176937	0.0682826	-0.097507	-2.838078E-008	9.772367E-006	5.192054E-006	-0.0001025	-4.297609E-005	-5.477806E-005	7.753195E-005	-0.0002305	-1.784157E-005	-3.351091E-006	-1.816207E-005	-0.0001711	-3.141509E-005	-5.230661E-006	-0.0001915	2.543382E-005	-2.458114E-006	-1.260634E-005	-0.0001645	-4.327863E-005	-1.929406E-006	3.980249E-006	-0.0001694	5.311509E-005	2.247671E-007	-5.224239E-006	8.934976E-005	-0.0001742	4.436869E-006	8.550222E-006	-0.0000994	-0.0001044	-4.956621E-006	2.265233E-007	-7.062278E-006	1.488464E-005
	13	23	75292.97	4.580034	-1.112158	1	4.713131	-13.64882	1.731332E-006	-0.0002437	9	0.0002761	0.0013018	1466.889	0.0011003	0.0041445	-0.0031998	0.024788	0.0142726	0.1169583	6.524246E-006	3.092282E-010	-7.349015E-005	1.074286E-005	1.44673E-005	1.526881E-005	7.507546E-005	-0.0001006	2.377212E-006	-9.059194E-006	1.157107E-005	-7.686916E-005	-1.726787E-006	2.313875E-006	-0.000231	2.564507E-005	1.154558E-007	-2.14313E-006	0.0001467	3.745451E-005	4.48898E-006	3.445362E-006	0.0001144	0.0001036	-9.305034E-006	1.299432E-006	-4.346735E-005	0.0002422	-3.034386E-006	4.196052E-006	0.0001225	2.647276E-005	1.812809E-006	-4.495953E-006	0.0001768	-5.38675E-005
	14	24	59824.22	4.643805	-1.401925	1	4.850806	-16.79862	7.243971E-007	-0.0002488	9	0.0002715	0.0013174	1467.612	0.0006311	0.0035742	0.0212931	0.0122737	0.1163499	0.026079	-4.543051E-006	-2.821718E-006	9.004038E-005	-1.63246E-005	4.792819E-006	-8.419841E-006	0.0001169	-0.0001016	8.950592E-007	2.608111E-006	0.0001965	1.052086E-005	-4.762057E-006	-3.634182E-006	3.047974E-005	0.0001288	1.236083E-006	2.065572E-006	0.0001133	-0.0001283	-2.088738E-006	4.895701E-006	2.795656E-006	5.466363E-005	3.843154E-006	-7.99104E-007	-4.945161E-005	0.0001331	1.992688E-006	3.481982E-006	-2.444827E-005	5.85831E-005	1.758133E-006	2.434623E-006	-0.0001617	0.0001021
	15	26	47519.53	4.724789	-1.756663	1	5.040783	-20.39499	1.557059E-006	-0.0002476	9	0.0002653	0.0013377	1466.889	0.001231	0.0027956	0.012969	-0.0202137	0.0249036	-0.1184837	4.63624E-008	7.476658E-006	0.0001011	-2.645946E-005	2.21692E-005	-2.241532E-006	3.179675E-005	-5.496584E-005	9.685769E-006	1.438893E-007	3.200548E-005	-5.653956E-005	-8.661781E-006	1.653185E-006	-0.0001031	-2.681045E-007	3.436784E-006	1.884313E-006	0.0001793	6.101004E-005	5.909751E-006	3.935245E-006	-8.448494E-005	7.215189E-006	1.389984E-006	-3.013178E-006	3.809691E-007	8.804887E-005	1.354987E-006	7.426686E-006	0.0001569	-8.529984E-005	3.979716E-006	-6.224146E-007	-4.278194E-005	-1.489686E-005
	16	27	37792.97	4.815313	-2.181316	1	5.286339	-24.37032	6.710111E-007	-0.0002515	9	0.0002575	0.0013611	1467.612	0.000891	0.0033506	0.0225874	-0.0057278	0.0958284	-0.0774146	8.055649E-007	6.538699E-006	-2.197799E-005	3.808862E-005	-6.728734E-006	4.495465E-006	-0.0000959	0.0001245	1.377412E-006	-6.38282E-006	7.141996E-005	-0.0001632	4.345442E-006	6.895571E-006	0.0001023	0.0001307	-2.148867E-006	4.801725E-006	4.611626E-005	0.0001698	-2.111479E-006	-7.048454E-006	0.000206	-2.993521E-005	4.941801E-006	3.63795E-006	-8.989583E-005	-7.570315E-006	9.272568E-006	-1.006789E-006	1.284771E-005	-1.10133E-005	-8.441567E-007	-2.431349E-006	-2.24383E-005	-3.579289E-005
	17	29	29941.41	4.964613	-2.707101	1	5.654713	-28.60272	1.601966E-006	-0.00025	9	0.0002478	0.0014011	1467.522	0.0010674	0.0035321	0.0190325	0.0118598	0.1266318	0.0067732	-1.44082E-005	-6.976342E-006	6.231363E-006	0.000123	2.528803E-006	1.189863E-006	-0.0001158	0.0001178	-9.682933E-006	4.147347E-006	-7.712761E-005	0.0002686	-8.081262E-006	-2.898916E-006	0.0001361	9.041105E-007	3.520458E-006	1.936132E-006	9.101641E-005	-0.0001643	4.009693E-006	-1.227891E-006	-5.32549E-005	-0.0001007	-4.264149E-006	-2.082299E-006	-3.119034E-005	2.751133E-005	7.527706E-007	6.938601E-006	3.573997E-005	-7.856382E-005	4.049798E-006	1.698179E-006	-1.014222E-005	6.344693E-005
	18	30	23847.66	5.156406	-3.317461	1	6.131401	-32.75588	1.506967E-006	-0.0002483	9	0.0002276	0.0013957	1467.612	0.0011121	0.0040794	0.009626	-0.0182148	-0.0112535	-0.1258193	-3.085726E-006	-4.114497E-006	0.0001074	-1.4922E-005	6.098431E-006	3.673336E-006	-0.0001398	7.39916E-005	8.186653E-007	-3.180497E-006	1.392511E-005	0.000192	-1.112203E-007	8.499301E-006	8.576142E-005	0.0001254	-6.828764E-006	-1.735891E-006	0.0001018	0.0001017	5.192323E-006	-8.081451E-006	-5.736956E-005	6.001606E-005	8.682749E-006	-3.541246E-006	0.0003203	6.119307E-005	-9.342185E-007	8.652321E-006	-0.0001078	-0.0000959	1.070999E-006	7.618553E-006	0.0001072	-4.912541E-005
	19	31	18925.78	5.434759	-4.071474	1	6.790692	-36.83888	6.751955E-007	-0.0002508	9	0.0002001	0.0013585	1467.612	0.0011617	0.0033296	0.0169815	0.0062845	0.1177767	-0.0353285	-4.138507E-006	-4.263072E-006	1.541013E-005	5.653891E-005	4.918271E-006	2.968955E-006	4.567986E-005	0.0001518	-1.179913E-006	-1.032194E-005	-2.980931E-005	-0.00017	3.549052E-006	8.457544E-006	-0.0001428	-2.942467E-005	2.74874E-006	5.232461E-006	-0.0001546	0.000152	5.155685E-006	3.062072E-006	-7.235749E-005	-3.828156E-005	-1.35466E-006	-8.2794E-006	-4.959713E-005	-7.280254E-005	5.47614E-006	3.774185E-007	-0.0001043	-8.044637E-005	2.343248E-006	-2.284738E-006	-0.0000953	-1.077936E-005
	20	33	15058.59	5.794215	-4.958973	1	7.626554	-40.55853	7.464928E-007	-0.0002492	9	0.0001597	0.0012179	1466.98	0.0016854	0.0036226	-0.0137478	0.0044603	-0.0573214	0.094153	3.740672E-006	-6.412597E-006	-5.117397E-005	-0.0001115	6.036571E-007	6.114526E-006	-1.81346E-005	-1.365406E-007	3.484485E-006	9.240397E-006	-1.091952E-005	-6.035763E-005	-3.412614E-006	3.547379E-006	-3.68401E-005	0.0002203	7.588227E-006	6.79298E-007	9.235891E-005	0.0001267	-3.78606E-006	2.447763E-006	-6.52274E-005	-0.0001014	-9.91441E-006	-4.69239E-006	1.419347E-005	0.0001261	3.917477E-006	-1.262422E-006	5.155464E-005	-2.254651E-005	6.318776E-006	1.109904E-005	0.000165	-6.952132E-005
	21	34	11863.43	6.346181	-6.017702	1	8.74567	-43.47815	-8.761936E-007	-0.0001524	9	0.000122	0.0010668	1467.612	0.002385	0.0048514	0.0055289	0.0095561	0.0926437	0.027205	2.035384E-006	-9.502591E-006	-0.0002081	-0.0001313	-4.483562E-006	8.617528E-006	-2.619927E-006	2.983888E-005	-2.574787E-006	1.019907E-005	3.244763E-005	1.66854E-005	5.414957E-006	-4.485158E-006	-2.666598E-005	-0.0003017	-8.491509E-006	4.234891E-006	-0.0001208	0.0001289	1.083899E-007	-1.267341E-006	6.579468E-005	-2.936146E-005	-3.736154E-006	6.982285E-006	2.993055E-005	2.779393E-005	5.308088E-006	1.081944E-005	3.138615E-005	0.000156	-4.563292E-006	-4.897243E-006	-3.830228E-005	-4.153598E-006
	22	36	9432.87	7.098231	-7.190089	1	10.10358	-45.36834	2.751665E-007	0.0001256	9	9.358603E-005	0.0009456	1466.799	0.0025569	0.002831	0.0077841	-0.0033402	0.0311832	-0.0797021	-3.040827E-006	1.126944E-006	-5.302719E-006	4.433049E-005	-9.479068E-006	7.578514E-006	-0.000099	3.254181E-005	-4.358074E-006	-1.298493E-006	-5.786908E-005	-9.897748E-006	-3.963015E-006	-1.301649E-005	-0.0001038	-4.295785E-006	3.218007E-006	-9.095385E-007	1.152576E-005	4.297507E-005	5.178877E-006	-5.684758E-006	4.1191E-005	-2.140511E-005	-3.888231E-006	2.282832E-007	3.965251E-006	-1.974404E-007	1.153429E-006	-1.245664E-006	5.647831E-005	-3.457443E-005	3.786567E-006	1.653512E-006	0.0001514	1.250464E-005
	23	37	7558.594	8.016361	-8.460309	1	11.65499	-46.5434	-9.285436E-007	4.982808E-005	9	7.986183E-005	0.0009308	1467.431	0.0030893	0.0024271	-0.0067988	0.0024544	-0.0336952	0.0772159	1.875669E-006	5.325909E-006	6.219526E-005	0.0001042	3.569578E-006	-1.137077E-005	-7.989503E-005	-5.996446E-005	-1.009311E-005	2.045454E-008	-3.554033E-005	-4.316215E-005	6.424285E-006	4.055892E-006	-3.612956E-005	2.120777E-005	2.499022E-006	-5.644045E-006	-1.716634E-005	3.623473E-005	2.500514E-006	-5.913747E-006	-2.214979E-005	-6.538524E-005	-4.986848E-006	5.03549E-006	1.775147E-005	5.76719E-005	-4.189643E-007	3.755522E-006	3.445719E-005	2.658462E-005	-4.146526E-006	-2.025856E-006	-1.483387E-005	9.620184E-006
	24	39	5960.648	9.244506	-9.85725	1	13.51393	-46.83729	2.621386E-007	0.0001272	9	7.047118E-005	0.0009524	1467.431	0.0037077	0.0038968	0.0016557	-0.0061597	-0.0454435	-0.0732455	-9.377837E-007	1.301552E-006	-4.802104E-005	-0.0001268	1.810621E-005	4.929279E-007	0.0001222	6.864767E-005	-7.347017E-006	1.575158E-006	-7.461576E-005	4.864763E-006	-7.066746E-006	-2.318232E-006	-1.191511E-007	4.041322E-005	2.320376E-007	2.164386E-006	1.683138E-005	-1.418096E-005	-3.86352E-006	-2.60125E-006	-0.0001128	-0.0001639	9.412033E-007	-3.627124E-006	4.286494E-005	-5.32471E-005	7.091136E-006	-5.723633E-007	3.142967E-005	9.259849E-006	-2.065761E-006	4.636058E-006	3.090204E-005	0.0001443
	25	40	4746.094	10.76309	-11.25143	1	15.57045	-46.27075	-1.019976E-007	5.454471E-005	9	6.338097E-005	0.0009869	1466.799	0.0027781	0.0033785	0.0020789	0.0053466	0.0825457	0.034127	-2.862458E-006	1.973654E-006	-4.761735E-005	1.05775E-006	-8.0857E-007	2.226749E-006	8.366734E-005	3.378832E-005	-1.28719E-006	2.251574E-006	-3.343682E-005	-2.057344E-005	-1.892262E-006	-9.492652E-006	-0.000112	-1.850911E-005	-1.10335E-006	1.261513E-006	7.392414E-005	-4.730142E-005	9.48603E-007	6.377686E-006	0.0000976	0.0001186	2.710942E-006	-5.991883E-006	4.088623E-006	-8.590707E-005	5.24709E-006	-2.021072E-006	4.014079E-005	5.030679E-005	-4.064446E-006	-3.144305E-007	0.0001508	-2.559752E-005
	26	41	3761.574	12.51074	-12.65867	1	17.79777	-45.33675	3.264221E-007	0.0001284	9	5.385455E-005	0.0009585	1467.431	0.0051022	0.0024509	-0.0042665	0.0023571	-0.0235346	0.0835	2.468973E-006	-6.854741E-006	6.916784E-005	1.383154E-005	1.15974E-005	8.772922E-006	-1.196782E-005	-2.697883E-005	8.016505E-007	9.381574E-007	2.223271E-006	1.507605E-005	4.904941E-006	-5.153149E-006	-9.193319E-006	-7.804724E-006	9.328323E-007	-4.70185E-006	3.165557E-005	-2.748851E-005	1.049195E-005	-4.652632E-006	4.965946E-005	-0.0001026	4.79032E-006	2.319412E-007	0.0001026	7.376126E-005	2.299163E-006	-1.078863E-005	5.42737E-005	-5.037359E-005	-1.30829E-007	1.556167E-006	-4.158464E-005	3.257641E-005
	27	43	2993.223	14.52831	-14.00838	1	20.18184	-43.95621	-8.329266E-009	0.0001255	8	6.164561E-005	0.0012441	1466.799	0.0018788	0.0027883	0.0031504	0.004605	0.1101867	0.0232211	7.024641E-006	-4.548881E-006	3.905507E-005	-0.000101	6.333728E-007	5.173199E-006	5.229386E-005	6.595335E-005	3.043126E-007	8.702532E-007	8.141098E-006	-0.0001113	1.167449E-006	-8.408098E-008	5.425478E-005	-3.130338E-005	-2.073813E-006	1.197158E-006	5.024241E-005	-5.841456E-005	-5.802227E-007	1.603905E-007	-1.279276E-005	-9.980752E-006	-3.254876E-007	-7.452146E-007	-2.209647E-005	-2.568145E-005	-4.133868E-007	6.250934E-007	2.771347E-005	-0.0001313	-1.073552E-006	-1.413912E-006	-0.0001514	0.0001229
	28	44	2372.685	16.76807	-15.26567	1	22.67617	-42.31477	-1.250503E-008	0.0001247	8	4.079213E-005	0.000925	1467.431	0.0020551	0.0025672	0.0031077	0.0019934	0.0825865	-0.0137493	2.723329E-006	-5.169374E-006	-2.300428E-005	-0.0000961	1.640971E-006	-2.109401E-006	-6.276708E-006	-1.849815E-005	-1.403117E-006	9.594187E-007	4.260882E-005	-2.627453E-005	4.432291E-007	1.624852E-006	5.143211E-005	6.603511E-005	1.235569E-006	5.508618E-007	5.178561E-006	0.0001088	1.380971E-006	-5.066641E-007	2.036793E-005	-2.119626E-005	-3.352508E-007	6.795738E-007	6.690022E-005	-2.82118E-005	9.296728E-007	9.850537E-007	2.219607E-005	-8.784687E-005	-1.683946E-006	1.152411E-006	-5.337134E-006	-1.732825E-005
	29	46	1886.433	19.11461	-16.49633	1	25.24871	-40.79493	-3.74763E-008	5.430517E-005	8	3.741412E-005	0.0009447	1467.341	0.0023743	0.0024144	0.0021088	-0.0026495	-0.003178	-0.0854422	-2.359564E-006	-3.365914E-007	3.890134E-005	8.417022E-005	1.305736E-006	5.561338E-006	1.765481E-005	6.418629E-005	4.531212E-007	8.744137E-007	4.788465E-005	5.11079E-005	1.89823E-006	2.856476E-006	6.145309E-005	4.694215E-006	-1.685643E-006	1.722542E-006	-3.304846E-005	2.253006E-005	-1.257204E-007	-2.989182E-007	-4.764705E-006	0.0001164	-3.791248E-007	8.460247E-007	1.225993E-005	-3.551355E-005	9.426549E-008	-1.337332E-006	-3.462414E-005	2.039084E-005	-1.348311E-006	1.79137E-006	2.344267E-005	-4.618401E-005
	30	47	1506.696	21.5193	-17.62515	1	27.81594	-39.31882	-3.657591E-008	5.411646E-005	8	3.503151E-005	0.0009744	1467.431	0.002239	0.0026256	0.0020588	-0.0024114	0.0019849	-0.0881738	-1.912558E-007	-7.287828E-007	3.480166E-005	-2.484425E-005	-2.887826E-006	4.475894E-006	-3.090705E-005	0.0000965	7.331219E-007	1.171442E-006	-0.0000987	3.609026E-005	2.481376E-006	1.490685E-006	-3.36906E-007	6.648662E-005	-2.375255E-006	-7.808395E-007	-0.0001197	3.115914E-005	-1.137833E-007	-9.162883E-007	5.33571E-005	-4.465172E-005	-1.92631E-009	7.185008E-007	-1.359295E-006	6.717234E-005	1.404627E-006	-1.114955E-006	-2.411287E-005	-2.562482E-005	5.593938E-007	1.415792E-007	1.251895E-005	2.721499E-006
	31	48	1185.994	24.17936	-18.84677	1	30.65685	-37.93488	9.164296E-009	0.0001243	8	3.190677E-005	0.0009782	1467.431	0.0032273	0.0030965	0.0023101	0.001733	0.0885207	-0.0014928	5.815455E-007	3.661869E-006	-5.984534E-006	-2.381974E-006	5.651302E-006	1.275194E-006	0.0001058	-6.928867E-005	-2.588786E-008	8.656207E-007	-0.0001384	0.0000961	-1.708568E-006	4.172314E-006	1.328386E-006	8.704333E-005	1.15615E-007	9.461501E-007	-6.086398E-005	2.063334E-005	7.05586E-008	-1.351749E-006	7.880869E-005	-0.0000958	-1.779055E-006	2.545716E-006	1.630094E-005	-3.239548E-006	2.101337E-006	6.464643E-007	4.792248E-005	-1.868636E-005	4.957201E-007	1.00517E-006	4.353991E-006	2.625945E-005
	32	50	948.6607	26.65962	-20.07232	1	33.37115	-36.97649	-3.92312E-008	5.337337E-005	8	2.866823E-005	0.0009567	1466.889	0.00302	0.0038855	0.0020249	0.0016226	0.0865471	0.0027252	-2.181104E-006	4.452995E-007	-8.484761E-005	-3.281062E-005	4.369726E-006	-8.192002E-008	0.0000972	-1.278322E-005	3.569727E-006	-1.370554E-006	2.26461E-005	2.32108E-005	-1.662482E-006	2.8957E-006	3.909599E-005	9.567244E-006	6.744358E-007	-2.065906E-006	-0.0001261	-0.0002284	1.626431E-007	-1.671508E-006	-0.0001145	-4.787328E-005	1.494918E-007	6.665778E-007	-4.502899E-005	-6.253949E-006	-1.232158E-006	6.463197E-007	1.469359E-005	-6.425225E-005	1.250495E-006	2.643137E-007	-3.530057E-005	3.86071E-005
	33	51	752.3148	29.40214	-21.38619	1	36.35732	-36.03096	1.59681E-008	0.0001245	8	2.770976E-005	0.0010075	1467.431	0.0046832	0.0048853	0.0024584	-0.0004963	0.0617371	-0.0671052	7.131289E-007	-1.050048E-007	6.232335E-005	6.171654E-005	-4.076963E-006	2.683923E-006	-0.0002144	0.0001072	2.911103E-006	1.692931E-006	2.895517E-005	-8.511038E-005	3.608751E-006	-6.143597E-006	-4.214687E-005	-0.0001525	3.967933E-006	8.237294E-008	3.024358E-005	-0.0001136	2.995779E-006	-4.898536E-006	-0.0001011	-4.067232E-005	-6.274887E-007	-1.089746E-006	-4.398066E-005	-0.0001217	-5.938019E-007	-3.007835E-007	0.0001068	-7.400044E-005	5.401853E-007	-6.826161E-007	0.0001755	0.0001001
	34	53	599.564	32.2017	-22.872	1	39.49782	-35.38515	-9.507417E-009	5.342811E-005	8	2.441669E-005	0.0009644	1467.431	0.0040934	0.0045682	0.0001001	-0.0022077	-0.0472106	-0.0734192	2.639507E-006	1.305389E-007	-1.154147E-005	-3.071525E-005	2.321547E-006	8.439038E-007	-2.665566E-005	-0.0001762	1.830035E-006	4.722642E-008	3.423425E-006	7.038063E-005	2.640632E-006	-6.539901E-006	0.0001375	-0.0002036	3.413606E-007	1.208388E-006	-0.000124	-4.343189E-005	3.938703E-007	-1.143635E-006	-0.0001157	8.366362E-005	-2.060592E-006	-9.159113E-007	0.0001227	-1.035491E-005	-8.569076E-007	-1.109938E-006	6.056168E-005	4.921714E-005	-3.601091E-007	2.330796E-006	1.953158E-006	4.417333E-005
	35	54	474.0168	35.15756	-24.69206	1	42.96222	-35.08136	-5.476392E-008	8.306669E-005	8	2.30036E-005	0.0009883	1466.889	0.0045873	0.0025833	0.0016412	0.0012811	0.0893313	0.0046799	-3.811857E-007	2.825687E-006	-0.0001016	6.373692E-005	2.215187E-006	2.377046E-006	0.0000983	1.715461E-005	-1.929715E-006	2.595592E-006	-1.898801E-005	-5.042996E-005	-6.065013E-006	1.3108E-007	-7.87608E-007	1.398928E-005	1.482944E-006	-1.665408E-006	4.102371E-005	-1.629873E-005	9.93914E-007	-4.734797E-007	4.732737E-005	-5.013332E-005	-3.904462E-007	9.349642E-007	3.088301E-005	2.3578E-005	-9.695396E-007	3.386405E-006	-5.804865E-005	0.0000968	-1.534896E-006	-1.81533E-006	2.989272E-005	-6.417105E-005
	36	55	377.1552	38.26252	-26.73438	1	46.67706	-34.94236	-5.794439E-008	8.309605E-005	8	2.1719E-005	0.0010138	1467.341	0.0045729	0.003101	0.0017766	0.0008414	0.090497	-0.0151696	-1.64892E-006	-1.327435E-006	-4.575729E-005	3.062649E-005	3.12247E-006	-1.087083E-006	-1.514418E-005	-0.0001366	1.374673E-006	-3.472343E-007	3.485489E-005	-6.351772E-005	2.733377E-007	5.658107E-006	3.447701E-005	9.03277E-005	1.065011E-006	5.604015E-007	1.72155E-005	-3.230503E-005	-5.34321E-007	-3.825572E-007	3.651262E-005	-4.684425E-005	-1.736799E-006	1.981154E-006	-4.443073E-005	0.0001028	4.374557E-006	1.769305E-006	0.0001	0.0001094	-4.456252E-007	8.700317E-008	-6.705733E-005	2.404617E-005
	37	57	298.2954	41.60488	-29.00212	1	50.71577	-34.87976	5.086432E-008	2.637055E-005	8	1.927799E-005	0.0009777	1466.799	0.0050929	0.0025017	-0.0015609	0.0007798	-0.042415	0.0776657	5.851816E-007	1.244971E-007	2.301105E-005	6.053953E-005	3.593033E-006	3.567666E-006	-1.862206E-005	2.233995E-006	-1.26475E-006	2.601242E-006	-3.04676E-005	-5.197363E-006	4.329103E-006	2.082783E-006	0.0001477	-6.78812E-006	1.285227E-006	-1.922026E-006	0.0001009	-5.230106E-005	-6.25305E-007	-6.701158E-009	-1.977511E-005	3.032877E-005	2.223627E-006	-3.038335E-006	-6.756831E-005	-2.419513E-005	-1.175977E-007	-1.038864E-006	-5.110779E-007	8.725445E-006	6.089431E-008	-7.17365E-007	-4.284697E-005	1.917961E-005
	38	58	236.7424	45.23549	-31.77531	1	55.28037	-35.08582	-2.780743E-008	8.308235E-005	8	1.818358E-005	0.0010052	1466.799	0.0029719	0.0027137	0.0010735	0.0012475	0.0881803	0.0224005	-1.0325E-006	8.004663E-007	2.492208E-005	3.175065E-005	2.364512E-006	1.698218E-007	9.06263E-005	-4.401094E-005	9.846835E-007	5.994298E-008	-5.618268E-005	1.273211E-005	4.040267E-007	-1.581069E-006	-0.0001084	1.908676E-005	1.062985E-006	-5.795483E-007	1.538427E-005	-0.0001092	2.809402E-007	1.70022E-006	7.344915E-005	2.098316E-005	-1.233178E-006	1.536548E-006	-1.471338E-005	-4.724973E-005	3.655823E-007	-1.465405E-006	-1.947105E-006	5.926914E-005	-1.185401E-006	9.785899E-007	-7.874752E-005	5.991134E-005
	39	59	189.0121	49.01704	-34.89603	1	60.16979	-35.44768	-2.635375E-009	2.586213E-005	8	1.664327E-005	0.0010014	1467.341	0.0034786	0.0020502	0.0008819	0.0012212	0.0858239	0.0291495	-2.496536E-006	1.697487E-006	-7.440663E-005	5.534344E-005	4.995036E-007	8.897223E-008	8.728961E-005	5.709415E-006	-2.690868E-007	2.041529E-006	3.261003E-005	-6.306568E-006	-1.239342E-006	3.015357E-007	-5.184386E-005	4.577194E-005	1.656185E-006	1.997874E-006	4.597061E-005	6.088149E-005	1.074686E-006	1.244604E-006	-1.262476E-005	-1.007109E-005	-4.750246E-008	-8.543667E-007	-1.446816E-005	4.624471E-005	-1.200242E-006	-3.264805E-007	-3.97552E-005	-2.229493E-005	5.638794E-007	-4.292607E-007	-3.574301E-006	-4.332962E-005
	40	61	149.6011	53.43219	-38.43153	1	65.81779	-35.72588	-6.277467E-008	2.626886E-005	8	1.512657E-005	0.0009956	1466.708	0.0046486	0.0020306	-0.0006667	0.0011958	0.0102788	0.0895235	1.331341E-006	1.685668E-006	4.72618E-005	1.046919E-005	-6.606621E-007	1.308949E-006	-4.524154E-005	4.799207E-005	-4.154154E-007	4.272642E-007	1.626651E-005	-8.254649E-005	-8.43983E-007	-4.227751E-007	1.72178E-005	1.827205E-005	-9.013325E-007	4.922326E-007	7.164206E-005	-6.58072E-005	-7.397347E-007	3.887147E-006	2.437811E-005	4.575556E-005	-5.846374E-007	2.474612E-006	-5.054047E-005	-3.890965E-005	1.552376E-006	6.444052E-007	4.026419E-005	-3.507653E-006	-2.304191E-006	1.087916E-006	-2.563929E-005	-2.383583E-005
	41	62	119.1737	57.98653	-42.50728	1	71.89789	-36.24344	-2.557362E-008	2.636663E-005	8	1.368104E-005	0.0009836	1467.341	0.0059528	0.0034028	-0.0002579	-0.0012111	-0.066407	-0.0592983	4.083013E-007	-7.603506E-007	-2.914004E-005	0.000163	-3.816952E-006	-2.103768E-007	-0.0001081	-5.434652E-005	-2.402951E-006	2.580147E-006	4.55071E-005	-1.833565E-005	1.190176E-006	3.269527E-006	-1.120882E-005	7.179065E-005	-1.58062E-006	1.934263E-006	-1.228787E-005	7.393485E-005	4.649573E-007	-1.579006E-007	0.0001012	-4.525239E-005	1.215121E-006	7.892168E-007	4.436262E-005	-3.296766E-005	5.874271E-007	-1.153649E-007	-8.25305E-005	-5.843084E-005	-7.647238E-007	2.216907E-006	0.000102	2.095161E-005
	42	64	94.69697	70.81441	-44.13791	1	83.44361	-31.93488	-1.236449E-007	8.678612E-005	8	1.206246E-005	0.0010065	1467.251	0.0061801	0.0036333	0.0002999	-0.0004561	0.001118	-0.045537	5.076527E-008	-1.068652E-007	-1.828504E-005	-3.744527E-005	4.204858E-007	2.381466E-008	3.260815E-005	3.169026E-006	9.043083E-007	-3.036237E-007	-2.737594E-005	-5.952555E-005	-6.910569E-007	1.620681E-006	-3.850081E-005	6.98572E-005	5.663524E-007	4.092522E-007	2.946074E-005	2.833665E-005	-1.210233E-007	8.937614E-007	-2.974425E-005	7.278885E-005	1.659619E-006	1.39478E-006	2.997336E-005	-1.988017E-005	2.508382E-007	-1.419535E-007	-4.695272E-005	-2.959892E-005	-3.776173E-007	-9.740221E-007	1.911562E-005	3.649286E-005
	43	65	75	85.1226	-46.97916	1	97.226	-28.89431	-5.722641E-008	8.919523E-005	8	1.027942E-005	0.0009994	1467.251	0.0092168	0.0027688	0.0002273	-0.0004059	0.0002965	-0.045228	-2.157125E-006	5.988355E-007	-1.791223E-005	1.655533E-005	-9.220954E-007	1.904063E-006	-4.44343E-005	5.638783E-005	-1.162141E-006	-6.707045E-007	-2.070697E-005	-4.267616E-005	-4.382256E-007	1.193208E-006	1.767904E-005	-2.853413E-006	9.250139E-007	-1.151892E-006	1.23974E-005	2.246495E-005	5.555644E-007	-3.621684E-007	1.164773E-005	-7.093298E-005	1.31373E-006	4.42983E-008	-8.534701E-006	1.237157E-005	-1.933008E-007	-1.018411E-007	-1.988628E-005	3.007069E-005	-1.003688E-006	2.730362E-007	-1.246543E-006	3.164225E-006
	44	66	54.50581	80.75832	-59.84317	1	100.5142	-36.53902	-1.827653E-007	2.934688E-005	8	9.949716E-006	0.0010001	1467.341	0.0072088	0.0037348	0.0005466	-0.0007157	0.0013293	-0.0905079	1.470767E-006	4.725343E-007	-0.0000966	-7.378748E-005	-1.129525E-006	1.487763E-008	-5.170374E-005	0.0001192	-3.191641E-006	4.523775E-007	-4.621556E-005	3.788125E-005	-1.183816E-006	9.253807E-007	-6.451556E-007	-1.785023E-005	4.949152E-008	-1.481252E-006	0.0001053	-5.353623E-005	1.565769E-006	2.473593E-006	-0.000104	8.581448E-005	5.749439E-007	-7.967413E-007	3.31616E-005	1.937113E-005	-1.08504E-006	-2.412646E-006	-4.754267E-005	-0.0001996	8.051161E-007	-2.540437E-006	5.346864E-005	-1.240523E-005
	45	68	45.95588	83.16191	-66.06491	1	106.2096	-38.46409	-9.011659E-008	2.640942E-005	8	9.414861E-006	0.001	1466.889	0.0035209	0.00225	0.0004944	-0.000694	-0.0046918	-0.0903853	7.601375E-008	2.099474E-007	-2.790818E-005	1.479464E-005	-7.014329E-007	1.397788E-006	-4.5658E-005	7.530275E-005	-2.255424E-007	7.157837E-008	4.901418E-005	-6.019803E-006	-6.913871E-007	1.385206E-006	-2.539346E-005	2.62037E-005	3.261166E-007	2.409186E-007	7.103052E-006	4.925087E-005	-3.741253E-008	-7.619338E-008	-9.443453E-005	5.07351E-005	-1.443059E-007	1.512396E-007	-9.955839E-006	1.000403E-005	1.224307E-007	-1.896117E-006	-2.872562E-005	-0.0001156	7.111521E-008	-4.720401E-007	-2.402564E-005	-4.208451E-006
	46	69	37.5	90.18094	-72.76911	1	115.879	-38.90087	-8.160406E-008	2.295394E-005	8	8.632704E-006	0.0010004	1467.431	0.0039029	0.0023545	0.0004676	-0.000626	-0.0033511	-0.0904805	-3.161649E-007	1.548942E-007	-0.0001311	3.989975E-005	-4.748618E-007	1.323086E-006	5.485957E-005	4.560025E-008	-2.084394E-007	2.667409E-007	-9.660079E-006	-6.566943E-005	-6.674451E-007	1.044131E-006	2.411597E-005	9.423288E-005	1.547905E-007	5.926809E-007	-8.785356E-006	-3.06017E-005	3.478735E-007	-6.907134E-007	1.890418E-005	-2.418846E-005	-3.278711E-007	2.938264E-007	2.85658E-005	6.916811E-005	6.600794E-007	-1.930364E-006	-1.814989E-005	-3.290698E-005	-4.309914E-007	-1.85175E-007	2.44836E-007	-2.891279E-005
	47	71	30.04808	98.7944	-80.96051	1	127.73	-39.33409	-8.848151E-008	2.64519E-005	8	7.823979E-006	0.0009994	1466.799	0.0039382	0.0035606	0.0004349	-0.0005589	-0.0022572	-0.0904241	-4.20264E-008	2.468978E-007	-5.18265E-005	1.243E-005	-1.086201E-006	2.168091E-006	-8.795058E-005	0.000182	-2.164729E-007	2.543966E-007	-8.221004E-005	6.722247E-005	-7.019618E-007	9.934658E-007	-6.91753E-005	0.0001138	6.812115E-010	2.771436E-007	-6.163807E-006	6.557049E-005	2.090023E-007	1.657827E-008	4.089311E-005	-3.226543E-005	-5.607036E-008	1.392793E-007	3.561336E-005	2.142867E-005	2.799216E-007	-1.245935E-007	4.493444E-005	-1.206724E-005	-2.317393E-008	-7.303334E-008	-0.0001328	4.914941E-005
	48	72	23.91582	108.5983	-90.54971	1	141.3961	-39.82148	-7.998192E-008	2.581557E-005	8	7.078005E-006	0.0010008	1467.431	0.0028377	0.002505	0.0004025	-0.0004984	-0.0013993	-0.090572	-3.326919E-007	5.68194E-007	3.222294E-005	3.412806E-005	-1.859317E-007	6.001848E-007	-2.405963E-005	1.801936E-005	-1.696135E-007	1.873626E-007	1.111919E-005	-6.55833E-005	-7.896593E-007	1.151797E-006	4.106387E-005	0.000155	-1.032686E-008	1.16377E-007	1.682712E-005	-3.753897E-005	2.186312E-007	-1.399033E-007	5.200825E-005	-0.0000952	1.699436E-008	4.937383E-007	5.167625E-005	-3.514612E-005	4.400954E-008	1.069154E-007	-1.551212E-005	1.719603E-005	-2.870147E-007	2.039355E-007	-6.133706E-006	1.731858E-005
	49	74	18.8253	120.1988	-101.6095	1	157.392	-40.20935	-6.893747E-008	2.244682E-005	8	6.347239E-006	0.000999	1466.98	0.0022889	0.0017983	0.000368	-0.0004411	-0.0005729	-0.0904181	-1.276476E-007	2.86086E-007	-3.275167E-005	7.632563E-005	-5.317985E-007	7.533799E-007	5.595619E-005	6.119139E-005	-2.562602E-007	-7.134077E-008	-5.118475E-005	-9.403188E-006	-2.72611E-007	5.40948E-007	-2.667952E-005	1.979648E-005	7.280505E-008	1.514674E-007	6.699287E-005	-1.721326E-005	-1.45651E-007	1.429648E-007	-2.204259E-005	1.0465E-005	4.836829E-008	-4.955474E-008	4.355743E-005	-8.236772E-006	-1.92601E-007	4.608737E-007	-2.519958E-005	1.527401E-005	1.251369E-007	5.532684E-008	1.351929E-005	-2.138033E-005
	50	75	15.02404	132.1904	-113.5521	1	174.2653	-40.66271	-6.565759E-008	2.514298E-005	8	5.735198E-006	0.0009994	1466.98	0.0023932	0.0014371	0.0003381	-0.0003939	-1.841846E-005	-0.0904597	-8.413418E-008	4.057625E-007	3.346322E-007	-3.663654E-005	-4.122827E-007	7.34307E-007	-1.919046E-005	4.159509E-005	-1.630856E-007	2.753611E-007	4.6471E-006	-6.212848E-006	-2.870543E-007	4.047661E-007	-1.319041E-005	-4.846441E-005	6.801884E-008	1.312333E-007	-4.063807E-005	2.345982E-005	1.83587E-007	-3.609149E-008	-5.413994E-006	-1.901131E-005	1.497142E-007	1.789291E-007	2.229864E-005	-3.781477E-005	5.490301E-008	-7.404334E-008	5.362066E-005	3.604569E-005	-2.250613E-007	3.785156E-007	4.595779E-006	4.649074E-005
	51	77	11.95791	145.994	-127.1151	1	193.5782	-41.04567	-4.427715E-008	2.550813E-005	7	5.156759E-006	0.0009982	1467.07	0.0023879	0.0019579	0.0003063	-0.0003521	-1.576275E-005	-0.0903502	-4.396044E-008	3.002724E-007	-3.645507E-005	7.079518E-005	-2.046108E-007	3.347213E-007	1.351246E-005	-3.862286E-006	-1.221351E-007	3.871463E-008	-4.124001E-005	-7.510401E-005	-4.648447E-007	4.663736E-007	-3.850362E-005	3.482122E-005	1.298231E-007	3.111959E-007	7.028772E-006	8.407344E-006	-1.761941E-007	2.26713E-007	2.304478E-006	7.675569E-005	1.0242E-007	2.209834E-007	2.190892E-005	-1.649202E-005	-3.149635E-007	3.838719E-007	6.763161E-005	4.290192E-005	8.155166E-008	1.935514E-007	-3.869565E-005	-5.970452E-006
	52	79	9.52744	161.2655	-142.1806	1	214.9927	-41.40119	-3.951928E-008	2.590131E-005	7	4.650359E-006	0.0009998	1466.98	0.0027364	0.0012037	0.0002797	-0.0003145	0.0004031	-0.0904901	2.945217E-008	4.09759E-007	-1.66866E-005	5.112653E-005	-1.343156E-007	3.547715E-007	1.016824E-005	9.105566E-006	-5.241146E-008	1.568384E-007	-2.077383E-005	1.268577E-005	-2.893935E-007	3.257654E-007	-2.451125E-005	3.692061E-005	1.630613E-007	2.175803E-007	2.562287E-005	-3.512168E-005	-6.786514E-008	2.674029E-007	4.353929E-005	9.150247E-006	5.538277E-008	1.98357E-007	6.89771E-006	1.648944E-005	-5.546907E-007	5.295083E-007	-4.246667E-005	1.073722E-005	-7.680684E-008	-1.011076E-007	1.090506E-005	-1.666276E-006
	53	81	7.524077	179.1746	-159.7133	1	240.0248	-41.71329	-3.42688E-008	2.325041E-005	7	4.168011E-006	0.0010004	1466.889	0.0025309	0.0016359	0.0002534	-0.0002794	0.0007988	-0.0905448	-3.601941E-008	2.400431E-007	-5.177542E-005	8.046909E-006	-2.896914E-007	3.715623E-007	-3.629601E-005	0.0001017	-1.345236E-007	6.863979E-008	-5.9325E-006	4.057367E-006	-2.880497E-007	5.76693E-007	1.094441E-005	7.884476E-005	-1.06395E-008	1.736439E-007	3.929503E-006	1.570908E-006	-2.181203E-007	2.230792E-007	-1.648009E-005	1.657347E-005	-2.652382E-008	6.501205E-008	9.737461E-006	-7.746471E-006	-8.040275E-008	1.815416E-007	-1.441198E-006	-3.878196E-006	-1.395597E-008	1.419983E-007	2.044071E-005	3.975128E-008
	54	83	5.98659	198.4432	-178.764	1	267.0885	-42.01354	-3.063311E-008	2.222676E-005	7	3.742065E-006	0.0009995	1466.889	0.0024393	0.001557	0.0002297	-0.0002489	0.0010895	-0.0904545	1.816716E-009	2.245864E-007	-7.535594E-005	2.484583E-005	-7.467635E-008	1.693706E-007	-5.559522E-006	3.010949E-005	-1.615904E-007	3.919507E-008	-3.141096E-005	-2.86712E-005	-3.356059E-007	5.218383E-007	-8.844253E-006	6.543504E-005	4.296794E-008	1.04091E-007	-6.30973E-006	6.835027E-006	1.588433E-009	7.781921E-008	-1.350162E-005	7.564458E-006	1.05661E-007	5.527727E-008	-1.266589E-005	-3.904386E-005	-2.197239E-007	3.024699E-007	3.63473E-006	4.329969E-005	-5.14906E-008	9.929897E-008	3.060006E-005	3.999862E-005
	55	85	4.76372	220.2133	-200.2693	1	297.6603	-42.28442	-2.72649E-008	2.451743E-005	7	3.362355E-006	0.0010008	1466.799	0.0021647	0.0009972	0.0002079	-0.0002222	0.0013006	-0.0905764	6.677965E-009	2.271215E-007	-5.442808E-005	-6.855291E-006	-1.148831E-007	2.407178E-007	-7.8977E-006	4.480822E-005	-2.748357E-008	1.37357E-008	-1.290589E-005	-1.076355E-005	-1.351216E-007	2.072285E-007	-2.799905E-005	2.650545E-005	6.261416E-008	1.875945E-007	3.390298E-006	-8.464208E-006	-1.597096E-007	3.374869E-007	6.143313E-006	1.44952E-005	-7.767722E-008	1.522392E-008	1.52422E-006	-1.375585E-005	-3.249012E-008	1.688311E-007	2.372843E-005	-5.545818E-006	2.19095E-008	1.850335E-007	7.935791E-006	1.151711E-005
	56	87	3.76506	245.3348	-225.1473	1	332.9872	-42.54306	-2.279366E-008	2.305866E-005	7	3.003418E-006	0.0010001	1467.057	0.0023617	0.0010489	0.000187	-0.0001973	0.0014752	-0.0905067	-5.585117E-008	2.082459E-007	-6.074301E-005	1.958177E-005	-5.738594E-008	2.346941E-007	1.397204E-005	-4.388316E-006	-6.661913E-008	-3.07262E-008	-2.292599E-005	-2.589681E-006	-2.084833E-007	4.131951E-007	6.179476E-006	4.140928E-005	7.026756E-008	1.236255E-007	2.402541E-005	-1.232609E-005	-2.789216E-008	4.150542E-008	-1.93874E-005	-3.293962E-005	3.963351E-009	9.255655E-008	-1.934841E-007	-3.206938E-006	-1.680776E-007	1.402323E-007	4.435931E-006	8.663453E-006	5.273955E-008	7.565507E-008	-8.589522E-006	8.554755E-006
	57	90	3.008665	271.9441	-251.6031	1	370.483	-42.77505	-2.006176E-008	2.481984E-005	7	2.698599E-006	0.0009998	1466.968	0.0022547	0.0009155	0.000169	-0.0001764	0.0015759	-0.0904765	-8.486041E-009	2.316138E-007	-1.25333E-005	1.394027E-005	-4.527125E-008	1.202789E-007	1.825001E-005	-7.719628E-006	-2.8057E-008	1.302561E-008	2.3548E-006	-1.894677E-005	-1.582876E-007	2.950402E-007	2.0956E-006	4.838867E-005	2.884713E-008	1.173159E-007	-8.349259E-006	-2.121086E-005	-5.372591E-008	3.253842E-008	-9.709457E-006	-2.128697E-005	4.984167E-008	1.192307E-007	9.910056E-006	8.35329E-006	-1.99304E-007	2.063937E-007	-1.353671E-005	3.246181E-005	-4.857294E-008	-8.523558E-009	-2.850562E-006	3.047535E-005
	58	93	2.38186	303.3638	-282.4201	1	414.4764	-42.95237	-1.744923E-008	2.492843E-005	7	2.413643E-006	0.0010004	1466.799	0.0024238	0.0009151	0.0001519	-0.000157	0.0017259	-0.0905293	2.247907E-008	1.371141E-007	-3.424193E-005	-2.160535E-005	-4.30207E-008	1.25328E-007	-9.364431E-007	1.480837E-005	-9.487736E-008	3.255226E-008	-1.500751E-005	-2.38213E-006	-2.173683E-007	2.905749E-007	-1.969403E-005	4.438727E-005	1.19951E-008	1.118789E-007	2.746018E-005	-1.573796E-005	-4.454479E-008	2.740376E-008	-8.540624E-006	-1.117205E-005	3.738455E-008	6.34837E-008	3.054993E-008	1.597072E-005	-1.787619E-007	2.062906E-007	-1.464583E-005	2.729971E-005	-4.206596E-008	6.828895E-008	-1.622721E-008	1.641007E-006
	59	96	1.890121	337.9974	-316.8022	1	463.2558	-43.14604	-1.464105E-008	2.396335E-005	7	2.158165E-006	0.0009998	1466.799	0.002046	0.0008471	0.0001364	-0.0001398	0.0017955	-0.0904722	2.82339E-008	1.288657E-007	-3.013408E-005	-1.315365E-005	-3.384094E-008	1.426064E-007	-5.834828E-006	3.124132E-005	-4.731511E-008	9.790085E-009	-1.973504E-005	3.154089E-006	-1.691697E-007	2.148212E-007	6.979739E-006	4.760001E-005	1.734452E-008	3.742838E-008	6.301856E-006	-1.011281E-005	2.308661E-008	4.318309E-008	-6.378718E-006	3.583025E-006	2.347872E-008	9.769002E-008	2.942075E-006	-8.23915E-006	-1.247479E-007	1.102138E-007	1.771534E-006	1.7015E-005	-3.928006E-008	1.696594E-008	-1.512591E-005	-1.666978E-005
	60	100	1.502404	376.6977	-354.8825	1	517.5352	-43.29198	-1.224859E-008	2.471741E-005	7	1.932714E-006	0.0010002	1467.251	0.0021782	0.0011387	0.0001226	-0.0001248	0.0018952	-0.0905123	1.130957E-009	1.084535E-007	-4.608725E-005	1.623899E-005	-2.062393E-008	1.002885E-007	7.300611E-006	2.053825E-005	-3.008415E-008	5.898329E-009	-1.743968E-005	-3.146208E-007	-1.908468E-007	1.964841E-007	-2.154775E-006	7.153181E-005	3.340358E-008	7.836701E-008	2.705793E-005	7.977174E-006	3.638957E-008	1.21612E-008	1.556146E-005	-1.208265E-005	3.909395E-008	7.404964E-008	1.55627E-005	-6.085023E-006	-1.348531E-007	1.097474E-007	-4.529225E-006	2.826407E-005	-2.087086E-008	2.36746E-008	-4.505889E-006	5.985704E-006
	61	105	1.195791	419.8252	-397.4223	1	578.0983	-43.42977	-1.01117E-008	2.470527E-005	7	1.729909E-006	0.0010001	1466.799	0.0023956	0.0010681	0.00011	-0.0001114	0.0019353	-0.0904942	-7.521636E-009	1.009022E-007	-4.185515E-005	2.4724E-005	-1.024637E-008	1.028943E-007	1.014384E-005	1.705994E-005	-3.819788E-008	1.151216E-008	-1.221439E-005	-1.549282E-006	-1.644338E-007	1.773747E-007	-1.534229E-006	5.635393E-005	2.225249E-008	7.974592E-008	1.330774E-005	1.07013E-005	1.02184E-008	3.671971E-008	-2.396655E-007	5.989972E-006	1.645742E-008	4.702275E-008	2.187954E-006	1.079708E-005	-1.495138E-007	1.530799E-007	-1.812074E-005	4.130342E-005	3.523496E-009	5.551385E-008	1.486615E-005	2.35852E-005
	62	111	0.9486946	469.1256	-445.9693	1	647.277	-43.55045	-1.06165E-008	2.239575E-005	7	1.545377E-006	0.0010003	1466.799	0.002438	0.0010778	0.0000986	-0.0000992	0.0020017	-0.0905135	-3.273955E-009	1.050236E-007	-3.930863E-005	-4.780333E-006	-4.154675E-008	1.036022E-007	-9.883218E-006	3.101041E-005	-3.511435E-008	7.79275E-009	-7.77045E-006	4.482559E-006	-1.421465E-007	1.528337E-007	-7.916688E-006	6.956294E-005	4.146159E-009	6.722095E-008	1.639918E-005	-6.521105E-007	-2.61374E-008	5.957878E-008	3.526259E-006	-1.525752E-005	8.392135E-009	7.668962E-008	1.39449E-005	2.625828E-006	-1.264577E-007	1.265672E-007	-2.647919E-005	2.00822E-005	-1.856768E-008	2.915766E-008	-8.959488E-006	-3.386525E-006
	63	116	0.7515633	524.4277	-500.2529	1	724.7602	-43.64849	-8.886701E-009	2.295146E-005	7	1.379727E-006	0.001	1466.799	0.0023014	0.0009798	8.820311E-005	-8.840191E-005	0.0020345	-0.0904842	7.453309E-009	1.131159E-007	-4.36924E-005	-1.413291E-005	-4.406469E-008	8.178685E-008	4.281087E-006	2.62618E-005	-4.497134E-008	1.811469E-008	-1.875726E-005	-1.100827E-005	-1.028681E-007	1.292403E-007	-1.170777E-005	4.689563E-005	1.802857E-008	4.906823E-008	7.655188E-006	-4.962053E-006	-1.539877E-008	4.58943E-008	-4.543177E-006	1.481831E-005	5.228458E-010	3.722494E-008	1.277082E-005	-4.407802E-006	-1.247762E-007	9.530498E-008	-1.368717E-005	3.465639E-005	-1.836963E-008	-5.479763E-009	-1.365006E-005	1.256553E-005
	64	123	0.5978954	585.7526	-560.1864	1	810.5029	-43.72193	-7.214564E-009	2.527504E-005	7	1.234442E-006	0.0010005	1466.799	0.0022552	0.0008754	7.905883E-005	-7.894969E-005	0.0020837	-0.0905326	8.893608E-009	9.109947E-008	-3.385458E-005	5.818816E-006	-4.902143E-008	5.406598E-008	-2.304914E-006	2.50879E-005	-5.791618E-008	1.173139E-008	-1.980837E-005	-1.067616E-005	-8.156781E-008	1.141729E-007	-6.087867E-007	5.396893E-005	2.456443E-008	5.795843E-008	1.01192E-005	3.071134E-007	1.062381E-008	4.931232E-008	-5.384321E-006	1.035944E-005	2.780564E-008	4.402014E-008	-1.878621E-006	-6.317399E-006	-9.955933E-008	8.565252E-008	-7.86983E-006	2.401712E-005	-3.28646E-009	1.12297E-008	-2.125326E-007	1.13885E-005
	65	131	0.4763719	653.7131	-626.4379	1	905.4089	-43.77943	-5.956624E-009	2.397573E-005	7	1.104284E-006	0.0009998	1466.799	0.0021383	0.0007246	7.081333E-005	-7.053478E-005	0.002107	-0.0904696	-5.969583E-009	7.505703E-008	-4.477961E-005	2.818237E-006	-4.05928E-008	7.737582E-008	-3.818327E-006	1.819663E-005	-2.155264E-008	1.998823E-008	-5.69364E-006	-1.327408E-006	-7.429754E-008	7.692807E-008	1.181808E-006	3.041164E-005	3.803507E-009	4.800978E-008	1.002958E-005	-3.99434E-006	-2.096158E-009	3.71748E-008	5.462436E-006	1.259941E-005	-2.150955E-009	3.827498E-008	4.636701E-006	-5.80581E-007	-8.290773E-008	8.820095E-008	-3.622932E-006	2.493925E-005	-2.118554E-009	1.535483E-008	-3.548537E-006	2.468749E-006
	66	141	0.3780242	731.5579	-702.2607	1	1014.075	-43.82944	-4.350854E-009	2.412146E-005	7	9.863681E-007	0.0010003	1466.799	0.0020196	0.0008833	6.33052E-005	-6.294943E-005	0.0021054	-0.0905079	-7.947905E-009	4.179866E-008	-5.739503E-005	3.228581E-006	-3.251791E-008	4.846858E-008	-1.620416E-006	1.596656E-005	-3.352103E-008	-1.406235E-008	-2.483631E-005	-1.927548E-006	-7.372126E-008	5.821005E-008	-1.208634E-005	2.813197E-005	2.253495E-008	4.600767E-008	1.44345E-005	3.995873E-006	-7.487189E-009	4.027288E-008	-1.671749E-006	7.818703E-006	1.052814E-008	3.655433E-008	7.92993E-006	3.438242E-006	-7.305108E-008	7.739692E-008	2.174753E-006	2.849398E-005	-4.958907E-009	-6.868732E-009	7.740707E-006	5.897754E-006
	67	153	0.3004808	818.178	-785.8182	1	1134.427	-43.84424	-3.89242E-009	2.38576E-005	7	8.815267E-007	0.001	1466.708	0.0020182	0.000927	5.662028E-005	-5.621442E-005	0.0021518	-0.0904866	-6.018355E-009	5.148244E-008	-4.003063E-005	9.64837E-006	-2.740831E-008	5.86859E-008	1.185491E-005	2.142661E-005	-2.536291E-008	-1.09263E-008	-2.282033E-005	6.84345E-006	-6.438229E-008	6.880988E-008	-8.868068E-006	5.023643E-005	1.71712E-008	3.655344E-008	1.317272E-005	7.466856E-007	-5.279504E-009	2.416161E-008	-2.275835E-006	-2.955912E-006	1.149459E-008	2.684604E-008	5.890626E-006	6.149995E-006	-5.149105E-008	6.047551E-008	-8.002595E-006	3.401515E-005	4.406502E-010	9.604548E-010	8.533299E-006	-4.600594E-006
	68	167	0.238186	917.3043	-881.5289	1	1272.219	-43.86065	-2.777716E-009	2.53327E-005	7	7.867308E-007	0.0010009	1466.889	0.0017891	0.0008831	4.701705E-005	-5.347708E-005	-0.0040282	-0.0904979	-4.42475E-009	3.244453E-008	-4.478239E-005	1.560793E-007	-1.738221E-008	4.891195E-008	-1.026556E-005	3.635496E-005	-3.860113E-008	4.741906E-009	-1.841694E-005	1.068618E-006	-2.976066E-008	7.631094E-008	2.513516E-006	2.874688E-005	2.441908E-008	8.441503E-009	1.441411E-005	-2.739463E-005	-1.826777E-009	2.82147E-008	9.215641E-006	1.099387E-005	1.044498E-008	5.863967E-009	1.297356E-005	9.016367E-008	-2.652661E-008	3.75496E-008	-1.005705E-006	1.932683E-005	-1.069754E-008	2.008775E-008	-5.012401E-006	7.873852E-006
	69	186	0.1890121	1027.251	-987.305	1	1424.786	-43.86404	-2.505702E-009	2.568592E-005	7	7.018422E-007	0.001	1466.889	0.0018759	0.0008216	4.261962E-005	-4.71042E-005	-0.0027376	-0.0904641	-2.629406E-009	4.970675E-008	-2.382192E-005	1.874989E-005	-2.768491E-008	5.27118E-008	-2.703139E-005	4.561112E-005	-3.456752E-008	8.752892E-010	-2.063086E-005	5.290765E-006	-2.760993E-008	5.226555E-008	-3.480659E-006	2.531254E-005	-1.925628E-009	1.521144E-008	3.696805E-006	6.451801E-006	-2.092151E-008	3.012225E-008	-8.217642E-006	1.026811E-005	1.365169E-008	1.53733E-008	7.807779E-006	-4.942654E-006	-2.107373E-008	2.972047E-008	-8.486678E-008	1.828319E-005	-4.208688E-009	1.181707E-008	6.438859E-006	1.91099E-006
	70	208	0.1502404	1149.399	-1104.221	1	1593.87	-43.85154	-2.14385E-009	2.703699E-005	7	6.273674E-007	0.0009999	1467.612	0.001854	0.0006999	3.855403E-005	-4.168784E-005	-0.0017286	-0.0904867	1.871706E-008	3.113763E-008	-2.487874E-005	-3.042773E-006	-3.921179E-008	4.762048E-008	8.782925E-006	4.015088E-005	-6.644315E-009	8.15205E-009	8.324518E-006	-2.307098E-006	-3.081431E-008	5.214032E-008	7.575654E-006	3.033347E-005	8.392988E-009	1.69712E-008	-1.738787E-006	1.311033E-005	2.950173E-011	2.736573E-008	1.140566E-005	6.831557E-006	7.521123E-009	2.00024E-008	6.398332E-007	1.644483E-006	-9.878705E-009	2.181969E-008	2.828303E-006	1.04381E-005	4.647291E-009	-4.475369E-009	-2.235611E-007	-1.307823E-005
	71	234	0.1193355	1287.314	-1237.979	1	1785.993	-43.88081	-5.884994E-009	2.597426E-005	7	5.598955E-007	0.001	1466.98	0.0021964	0.0008566	3.474195E-005	-3.689241E-005	-0.0009562	-0.0905011	9.692258E-009	5.853011E-008	-4.370885E-005	-1.822298E-005	-1.920466E-008	4.106872E-008	-3.060206E-006	2.850813E-005	-1.632219E-008	1.356795E-008	-1.496945E-005	3.046076E-006	-2.696254E-008	5.096419E-008	-1.068722E-006	4.185151E-005	2.293746E-009	2.015212E-008	5.037389E-006	6.219288E-007	-1.899701E-008	2.674446E-008	-7.933229E-006	2.173173E-005	8.42698E-009	1.843313E-008	3.710447E-006	-1.383845E-006	-1.589138E-008	2.634509E-008	-3.643153E-006	1.428116E-005	-7.555259E-009	1.167046E-008	-1.240208E-005	3.525614E-006
	72	266	0.0946587	1443.278	-1387.322	1	2001.928	-43.8675	-8.28959E-009	2.498767E-005	6	4.981503E-007	0.0009973	1467.522	0.0032942	0.0007867	3.103344E-005	-3.270782E-005	-0.0005913	-0.0902594	-6.877117E-009	7.36471E-008	-3.826855E-005	3.483855E-006	-1.690057E-008	6.936919E-008	-4.797564E-006	2.134099E-005	-2.080782E-008	2.609316E-008	-1.295593E-006	-1.306789E-005	-2.810003E-008	6.006368E-008	3.294645E-006	3.015034E-005	-9.480062E-010	3.70736E-008	1.359317E-005	-8.410716E-006	-8.392363E-009	4.068812E-008	1.015115E-005	1.636882E-005	4.009564E-009	2.713675E-008	1.656263E-005	1.034714E-005	-2.577781E-008	3.686573E-008	-2.316039E-006	3.093696E-005	-1.830273E-009	9.985982E-009	-4.614559E-006	1.736822E-006
