EXPLAIN
TAG	EISPOT
TITLE	LABEL	Potentiostatic EIS	Test Identifier
DATE	LABEL	2/6/2024	Date
TIME	LABEL	13:44:09	Time
NOTES	NOTES	1	Notes...
	
PSTAT	PSTAT	IFC1010-20135 JB	Potentiostat
VDC	POTEN	0.00000E+000	T	DC Voltage (V)
FREQINIT	QUANT	1.50000E+006	Initial Freq. (Hz)
FREQFINAL	QUANT	1.00000E-001	A Real Number
PTSPERDEC	QUANT	1.00000E+001	Points/decade
VAC	QUANT	1.00000E+002	AC Voltage (mV rms)
AREA	QUANT	1.00000E+000	Sample Area (cm^2)
SPEED	SELECTOR	1	Optimize for:
DRIFTCOR	SELECTOR	0	Drift Correction
THD	SELECTOR	1	THD
ZGUESS	QUANT	1.00000E+002	Estimated Z (ohms)
EOC	QUANT	-3.61446E-005	Open Circuit (V)
SEQUENCER	TOGGLE	TRUE	Run as Sequence
PSTATMODEL	IQUANT	64	Pstat Model
PSTATSECTION	LABEL	IFC1010-20135	Pstat Section
PSTATSERIALNO	LABEL	20135	Pstat Serial Number
CTRLMODE	IQUANT	1	Control Mode
ELECTROMETER	IQUANT	0	RE=0 or CS=1
IESTAB	IQUANT	0	I/E Stability
CASPEED	IQUANT	3	Control Amp Speed
CONVENTION	IQUANT	1	Current Convention
ICHRANGE	IQUANT	2	Ich Range
ICHRANGEMODE	TOGGLE	F	Ich Auto Range
ICHOFFSETENABLE	TOGGLE	T	Ich Offset Enable
ICHOFFSET	QUANT	0	Ich Offset (V)
ICHFILTER	IQUANT	4	Ich Filter
VCHRANGE	IQUANT	2	Vch Range
VCHRANGEMODE	TOGGLE	F	Vch Auto Range
VCHOFFSETENABLE	TOGGLE	T	Vch Offset Enable
VCHOFFSET	QUANT	0	Vch Offset (V)
VCHFILTER	IQUANT	4	Vch Filter
IERANGELOWERLIMIT	IQUANT	4	I/E Range Lower Limit
IERANGEMODE	TOGGLE	F	I/E AutoRange
IERANGE	IQUANT	11	I/E Range
ACHSELECT	IQUANT	0	Ach Select
ACHRANGE	IQUANT	2	Ach Range
ACHOFFSETENABLE	TOGGLE	F	Ach Offset Enable
ACHOFFSET	QUANT	0	Ach Offset (V)
ACHFILTER	IQUANT	1	Ach Filter
SENSECABLEID	IQUANT	13	Sense Cable ID
PWRCABLEID	IQUANT	13	Power Cable ID
DCCALDATE	LABEL	1/30/2024	DC Calibration Date
ACCALDATE	LABEL	1/10/2018	AC Calibration Date
FRAMEWORKVERSION	LABEL	7.10.3	Framework Version
INSTRUMENTVERSION	LABEL	4.91	Instrument Version
COMMVERSION	LABEL	3.10	Communications Version
CPUPLDVERSION	LABEL	2.22	CPU PLD Version
CTRLPLDVERSION	LABEL	0.00	CTRL PLD Version
PSTATPLDVERSION	LABEL	0.00	PSTAT PLD Version
ZCURVE	TABLE
	Pt	Time	Freq	Zreal	Zimag	Zsig	Zmod	Zphz	Idc	Vdc	IERange	Imod	Vmod	Temp	Ithd	Vthd	IHr1	IHi1	VHr1	VHi1	IHr2	IHi2	VHr2	VHi2	IHr3	IHi3	VHr3	VHi3	IHr4	IHi4	VHr4	VHi4	IHr5	IHi5	VHr5	VHi5	IHr6	IHi6	VHr6	VHi6	IHr7	IHi7	VHr7	VHi7	IHr8	IHi8	VHr8	VHi8	IHr9	IHi9	VHr9	VHi9	IHr10	IHi10	VHr10	VHi10
	#	s	Hz	ohm	ohm	V	ohm	°	A	V	#	A	V	°C	#	#	A	A	V	V	A	A	V	V	A	A	V	V	A	A	V	V	A	A	V	V	A	A	V	V	A	A	V	V	A	A	V	V	A	A	V	V	A	A	V	V
	0	4	1500059	4.480777	0.7334728	1	4.540412	9.296481	3.021898E-005	0.0016099	11	0.0209885	0.106304	1467.974	0.0043316	0.0068768	-0.8125154	1.717127	-1.999162	9.411555	0.0070525	-0.0031758	0.018142	-0.0574412	0.0026371	-0.0009052	-0.0001303	-0.0271272	1.88956E-005	7.087993E-005	0.0009855	0.0005716	-2.745818E-005	-0.0001437	0.002956	-0.0004848	-2.181437E-005	-3.792021E-005	-0.0002414	0.0002017	2.304278E-005	-0.0000955	-0.0001715	-0.0003804	0.0001931	-4.215819E-005	0.0008172	0.0002063	0.0001589	-5.070214E-005	0.0012312	-0.0007054	-2.459902E-005	7.867441E-005	-0.0001826	0.0002607
	1	6	1191504	4.449757	0.5608907	1	4.484968	7.184228	8.814389E-005	0.0012359	11	0.0310499	0.1498798	1466.799	0.0086513	0.0123318	1.063468	-2.601329	2.881542	-13.256	0.0129277	-0.0116192	0.030877	-0.1146589	-0.0082005	0.0148643	0.0425427	0.1096949	-0.0003444	0.000392	0.0003287	0.002291	-0.0002721	-0.0005486	-0.0048289	0.0027926	1.588836E-005	-0.0003258	-0.0001254	-0.0013429	4.193187E-005	-4.66779E-005	-0.0003733	-0.0013165	-2.953783E-005	1.557171E-006	-0.0009407	-0.0007242	-0.0001143	2.57045E-006	-0.000518	0.0002914	-2.771989E-005	0.0001555	-0.0002432	0.0005931
	2	7	946464.9	4.434175	0.4128826	1	4.453357	5.319685	7.61406E-005	0.0006806	11	0.0305637	0.1428418	1467.341	0.0147489	0.0201184	-2.765858	0.0502283	-12.77264	2.001853	0.0019581	0.0161928	0.0466558	0.086957	-0.0179654	0.0327362	0.0317833	0.2381035	0.000372	0.0001925	0.0036854	-0.0030653	0.0017708	-0.0006213	0.0029727	-0.0132165	1.83112E-005	2.700556E-005	-0.0002295	0.0005225	0.0005748	-0.0003126	0.0013103	-0.0010343	-9.845012E-006	0.0001172	-0.0002032	0.0004747	-0.0002056	2.240576E-005	-0.0009903	0.0002315	5.701929E-005	0.0001008	-6.258489E-006	0.0004323
	3	9	751816.4	4.425815	0.2879041	1	4.43517	3.72191	6.155358E-005	0.0004385	11	0.0298468	0.1365729	1466.799	0.0219989	0.0281538	1.486295	-2.2558	5.584504	-11.02777	0.0127449	-0.0081886	0.0550505	-0.0616905	-0.0364186	0.0443836	-0.0866586	0.3262318	-0.0004961	0.0002995	-0.0017176	0.0053903	-0.0013051	-0.0019846	-0.0174167	-0.0004036	7.471442E-005	-7.928629E-005	-0.0003972	-6.81542E-005	-3.724826E-005	0.0001417	0.0019204	-0.0004295	-1.535192E-005	9.189453E-005	-0.0003354	-2.169609E-005	-4.511328E-006	-0.0001183	-0.0004929	0.0003437	4.282966E-005	-6.513112E-005	-0.0001816	-0.0004517
	4	10	597246.1	4.421225	0.175681	1	4.424714	2.275497	5.820318E-005	0.0004055	11	0.0297018	0.134077	1466.708	0.0312098	0.0371586	-2.68782	-0.0508457	-12.09514	0.985948	0.0025669	0.0147871	0.0277943	0.0704852	-0.0478967	0.0671124	-0.1406785	0.4207872	0.0008695	0.0006055	0.007464	0.000301	0.0035505	-0.0013555	0.012917	-0.0225066	-5.261974E-007	-9.490923E-005	-0.0006844	-0.0002319	0.0003916	-0.0004786	-0.0019457	-0.0029761	0.0000987	-4.061499E-006	0.0004728	0.0001319	-0.0001852	-8.14926E-005	1.386926E-005	0.0010994	-2.852455E-005	4.970655E-005	-0.0001816	0.0002609
	5	12	474433.6	4.42128	0.0708104	1	4.421847	0.9175602	5.873467E-005	0.0003847	11	0.0290981	0.1303172	1466.619	0.040898	0.0459577	-2.407525	1.06771	-10.28509	5.773936	0.0121655	0.0070305	0.0637147	0.0235318	0.0593802	0.0885839	0.3877997	0.3710555	0.0007748	-0.00122	0.0016671	-0.0082616	-0.0038589	-0.0035055	-0.0306468	-0.0082468	7.500872E-006	0.0001208	0.0006244	0.0007521	-0.0007216	0.001109	0.0024394	0.0078582	5.750358E-005	9.12603E-006	0.000119	-0.0001706	0.0002281	-0.0003608	-0.0018173	-0.002175	1.222361E-005	-2.755132E-005	6.277114E-005	-4.746021E-005
	6	15	376816.4	4.42386	-0.028262	1	4.42395	-0.3660319	5.302951E-005	0.000334	11	0.0280034	0.1248914	1466.708	0.0503125	0.0541982	-2.157578	1.330025	-9.027804	6.802677	0.0113709	0.004155	0.0562273	0.0104712	0.0967469	0.0819298	0.5232809	0.311325	0.0003281	-0.001675	-0.0006796	-0.0090251	-0.00498	-0.0027992	-0.0306598	-0.0056808	7.338449E-005	3.192574E-005	0.000581	2.377294E-005	0.0010665	0.0023382	0.0131511	0.0085708	6.065145E-005	-4.500105E-005	0.0001026	-0.0005175	-0.0005136	-0.0004662	-0.0046099	0.0007953	-2.587307E-005	3.040209E-005	7.290393E-005	0.0001976
	7	17	299355.5	4.429368	-0.1277162	1	4.431209	-1.651607	6.14761E-005	0.0004031	11	0.0268405	0.1195465	1466.708	0.0586844	0.0613701	0.1813982	2.422544	1.855828	10.65978	-0.0015946	-0.0092319	-0.015603	-0.0416668	-0.1064541	-0.0940166	-0.5495258	-0.3677314	0.0012816	0.0011611	0.0073785	0.0043117	0.0035621	-0.0056758	0.0107462	-0.0318648	2.342742E-005	-0.000098	-3.064051E-005	-0.0003125	0.0040444	-0.0003004	0.0204291	-0.0102535	-3.315602E-005	-7.361454E-005	-0.00047	-5.50002E-005	0.0007375	0.00031	0.0049955	-0.0014956	-2.338831E-005	-3.891626E-005	-0.0001821	-2.007187E-005
	8	19	237832	4.438182	-0.2328977	1	4.444289	-3.003894	4.94838E-005	0.0002712	11	0.0257393	0.114764	1466.785	0.0653804	0.0669319	-2.265277	0.5438861	-9.78362	3.489396	0.0019897	0.0065604	0.0175709	0.0278236	-0.0624151	0.1382573	-0.2116798	0.6588672	0.0014743	0.0002401	0.0071454	-0.0001838	0.0091675	0.0049171	0.0471201	0.015572	0.0001963	0.0001511	0.0009785	0.0003407	-0.0046275	-0.003032	-0.0273977	-0.0086409	-0.0001188	-5.292591E-006	-0.0006506	0.0001922	0.0004651	0.0006485	0.0040081	0.001813	2.176379E-005	-1.989771E-006	-8.56612E-005	6.707991E-005
	9	21	188847.7	4.450967	-0.3479708	1	4.464548	-4.470217	-3.943369E-005	-0.0001865	11	0.0246116	0.1101048	1466.708	0.0689926	0.0695223	-1.771759	1.350197	-7.137505	6.954726	0.0045935	0.0041845	0.0271743	0.0128784	0.0878532	0.124874	0.4506889	0.5196776	0.0005744	-0.0016321	0.0014985	-0.0079509	0.0078679	-0.0130132	0.0280295	-0.0649857	-1.702644E-005	-7.346739E-006	-0.000404	6.552227E-005	0.002846	0.0051662	0.0189893	0.0218197	5.51166E-005	-3.832626E-005	0.0001952	-0.0002335	-0.0002676	-0.0006344	-0.0020997	-0.0023622	-2.989313E-006	-1.857989E-005	-3.146846E-005	-0.0001239
	10	23	150058.6	4.46849	-0.4782583	1	4.49401	-6.109058	-3.477905E-005	-0.0002368	11	0.023837	0.1072624	1466.619	0.0699765	0.0696398	-2.136961	0.2968563	-9.332955	2.673348	-0.0023359	0.0047017	-0.0005377	0.024908	-0.1365303	0.0613346	-0.5819184	0.3318985	0.0002327	0.0015934	0.0022878	0.0069544	-0.0079392	0.0163802	-0.0275674	0.0788741	0.0001861	5.203765E-005	0.0010459	5.672127E-005	0.0002646	-0.0053422	-0.0028494	-0.025139	-0.0001782	-1.464132E-005	-0.000632	2.130866E-005	-0.0004028	-0.0002635	-0.0019538	-0.0011905	2.698787E-005	4.647113E-005	8.529425E-005	0.0002932
	11	25	119238.3	4.492697	-0.6288764	1	4.536498	-7.968346	-3.969063E-005	-0.0002086	11	0.0229223	0.1040719	1466.619	0.068805	0.0675704	2.058318	-0.2601243	9.02069	-2.711907	-0.0028354	0.0037074	-7.247926E-005	0.0218653	0.1395864	-0.0198444	0.6108657	-0.1473133	-0.000418	0.0009631	-0.0007419	0.0048585	0.0171543	-0.0126519	0.0714873	-0.0646205	-2.764165E-006	0.00017	0.0003248	0.0006782	-0.0008447	0.0045371	-0.0011336	0.0210816	-0.0001154	-8.10288E-005	-0.000623	-0.0002716	-0.0001303	0.0007296	-3.289432E-005	0.0036847	-5.519205E-005	-2.053124E-005	-0.0002808	-6.35814E-006
	12	28	94746.09	4.526017	-0.8058049	1	4.597189	-10.09507	-3.520887E-005	-0.0002495	11	0.0222802	0.1024793	1466.619	0.0623324	0.0603563	-1.365125	1.484256	-4.814663	7.92789	0.0021132	0.0047229	0.0193667	0.0058085	0.0499127	0.113224	0.2718857	0.4793285	0.0012684	-0.0003144	0.0050408	-0.0026153	0.0183253	-0.0097077	0.0777866	-0.0511569	-0.0001423	-0.0003367	-0.0007807	-0.0014332	0.0053674	-0.0007136	0.023618	-0.0057931	-2.218573E-005	-2.1355E-005	-0.0003273	-1.767837E-005	0.0004447	-0.0009486	0.0014616	-0.0047655	-1.197413E-005	-1.517637E-005	7.269904E-006	-0.0001503
	13	30	75292.97	4.569954	-1.014742	1	4.681259	-12.5192	-3.771919E-005	-0.00021	11	0.0216347	0.1013104	1466.619	0.0526681	0.050163	1.511338	-1.245067	5.520073	-7.321877	-0.0008591	0.0057758	0.0150466	0.0097759	0.0235289	-0.0983393	0.0554584	-0.4478888	0.0009202	0.0010017	0.0045581	0.0031608	-0.0144651	-0.0110662	-0.069189	-0.0431871	0.0002991	-0.0001677	0.0012176	-0.0009422	-0.0036599	-0.005427	-0.0187523	-0.0225511	4.230998E-005	3.644638E-005	0.0002257	0.0001682	-0.0010678	-0.0004207	-0.005101	-0.0012842	5.275384E-005	-4.771912E-005	0.0001407	-0.0001964
	14	32	59824.22	4.626601	-1.263949	1	4.796145	-15.27988	-3.796402E-005	-0.0002128	11	0.0210247	0.1008584	1466.708	0.0426551	0.0397169	0.99666	1.621065	6.74611	6.149991	0.004503	-0.0063013	-0.0113404	-0.014238	-0.052227	-0.0594355	-0.2663845	-0.2341667	-0.0003724	0.0014419	-0.000231	0.0060143	0.0145819	0.0016437	0.0654231	0.0007546	-0.0002546	-0.0002976	-0.0011643	-0.0010865	-0.0055481	-0.0042925	-0.0263559	-0.0168134	-8.915179E-005	0.0001543	-0.0002475	0.0007398	0.0010865	0.0004804	0.0050297	0.0015387	-2.145104E-005	-3.428665E-005	-0.0001252	-4.170836E-005
	15	34	47519.53	4.698884	-1.56345	1	4.95216	-18.40373	-3.49919E-005	-0.0002548	11	0.0202296	0.1001934	1466.799	0.0329801	0.0296842	-1.404527	-1.174643	-8.472872	-3.232292	0.0012534	-0.0106389	-0.0183678	-0.0066628	0.0579595	0.003057	0.2610372	-0.0264829	0.0009438	0.0011388	0.004586	0.0034621	-0.0024694	0.0107059	-0.0055757	0.0488	-0.0002757	0.0001979	-0.0010179	0.0009479	0.0014697	-0.0060302	0.0041043	-0.0273122	0.0003392	-0.0001529	0.0013096	-0.0008269	0.0005781	0.0010099	0.0029855	0.0042569	-4.705671E-005	-3.49118E-005	-0.0002749	2.12267E-005
	16	36	37792.97	4.790698	-1.922786	1	5.162159	-21.86846	-3.458154E-005	-0.0002526	11	0.0193376	0.099832	1467.07	0.0251924	0.0212185	1.116331	-1.348015	2.681931	-8.628572	-0.0033615	0.0139075	0.019106	0.0075606	0.0078381	-0.0398219	0.0002032	-0.1857217	0.0006103	0.0014679	0.0038501	0.0051303	-0.0080502	-0.0015616	-0.0367604	-0.0028385	0.0002883	-7.972029E-005	0.0010937	-0.0003104	-0.0041346	-0.0020404	-0.0192565	-0.0072095	0.0002805	-0.0001246	0.0013764	-0.0006427	-0.0009817	0.0002059	-0.0038481	0.0013605	0.0001128	-0.000101	0.0002594	-0.0003331
	17	38	29941.41	4.911059	-2.363934	1	5.450384	-25.7038	-3.578524E-005	-0.0002567	11	0.0182714	0.0995914	1467.399	0.0200708	0.0142563	-1.390526	0.8951501	-4.660487	7.715684	-0.0156	0.0107272	0.010382	0.018654	-0.025208	0.0075407	-0.1047794	0.0636577	-0.0013624	0.0006819	-0.0042959	0.0037961	-0.0002243	0.0062321	0.0026834	0.0281904	2.889521E-005	0.0002074	0.0001974	0.0009066	-0.0027165	0.0012662	-0.011374	0.0069423	-0.0001065	0.0002264	-0.0004503	0.0010977	-0.0006529	0.0004787	-0.0026314	0.0022558	-8.431637E-005	8.292031E-005	-0.0001385	0.0006502
	18	39	23847.66	5.064016	-2.884745	1	5.828037	-29.66825	-3.881179E-005	-0.0002157	11	0.0170689	0.0994814	1467.251	0.0191039	0.0091325	1.1203	-1.063787	2.557582	-8.633153	-0.0159475	0.0183038	0.0157714	0.0143984	0.0126976	-0.00955	0.0392171	-0.0646299	-0.0009778	0.0012745	-0.00159	0.0056406	-0.0041969	-0.0023977	-0.0206739	-0.008064	0.0001876	0.0001773	0.0008894	0.0002553	-0.0001212	-0.001657	-0.0020258	-0.0069911	0.0001175	-5.273871E-005	0.0004124	-1.288206E-005	-0.000539	-0.0004056	-0.0025372	-0.0016493	0.0001587	4.862668E-005	0.0007928	0.0001584
	19	40	18925.78	5.268001	-3.5218	1	6.33679	-33.76379	-3.36128E-005	-0.0002449	11	0.0156799	0.0993624	1467.431	0.022319	0.00553	1.299453	0.5705333	8.848135	-1.609124	0.0012855	-0.0301243	-0.0216345	-0.0015429	-0.0089416	-0.0012915	-0.0359351	0.0212375	0.0009511	0.0012417	0.0045324	0.001583	-0.003072	0.0003741	-0.0145535	0.0039229	-3.677887E-005	0.0001849	5.949289E-005	0.0005665	0.0005233	2.860837E-005	0.0024644	-0.0004309	2.204627E-005	5.560741E-005	0.0001054	0.0004166	1.503062E-005	0.0004406	0.0003182	0.0018314	7.830583E-005	-5.852432E-005	8.310843E-005	-0.000272
	20	42	15058.59	5.533839	-4.276197	1	6.993514	-37.69456	-3.190462E-005	-0.0002355	11	0.0142133	0.0994021	1466.708	0.0282823	0.0034748	-1.209222	-0.4389881	-8.559475	2.771062	0.0015522	-0.0356433	-0.0211062	-0.0004762	0.0052808	0.0041371	0.0179438	-0.0104156	0.0009813	0.0011706	0.0037591	0.0007734	0.0010976	-0.0014622	0.0054742	-0.0072049	-7.641875E-005	0.0001796	0.000195	0.0008378	4.797429E-005	0.00013	0.0004492	0.0007114	0.0002216	-1.665484E-005	0.0010388	0.0001417	-0.0002971	-0.0001	-0.00132	-0.0003361	-0.0001266	-2.077129E-005	-0.0004058	-3.503637E-005
	21	43	11863.43	5.900101	-5.215005	1	7.874482	-41.47295	2.087261E-006	-0.0001395	11	0.0126242	0.0994095	1467.431	0.0359921	0.0025066	0.4003076	1.07019	7.954385	4.205127	0.0377373	0.0139285	0.0052981	-0.0178838	0.0061202	0.0054068	0.0088733	-0.0058728	1.08676E-005	-0.0017756	-0.0019444	-0.0017132	0.0013731	-0.0010606	0.0052288	-0.0029112	-8.334686E-005	0.000282	0.0003395	0.0005028	-0.0002801	4.585087E-005	-0.0011554	2.539158E-005	0.0002042	9.279512E-005	0.0011043	0.0006106	9.242352E-005	0.0002483	0.0006379	0.00104	-5.676412E-006	-0.0001054	-0.0001155	-0.0004534
	22	45	9432.87	6.364132	-6.284122	1	8.943845	-44.63756	-1.746914E-006	0.0001522	11	0.0111239	0.0994946	1466.619	0.044006	0.0021935	0.980309	-0.2295272	4.786039	-7.628097	-0.0309931	-0.0295909	-0.0099073	0.0126786	-0.0106979	0.0013295	-0.0035232	0.0081997	0.0015357	-0.0014967	-0.0007843	-0.0017882	-0.000945	-0.0021591	-0.0030256	-0.0057446	0.0003664	-0.0001042	0.0004829	-0.0005987	0.0001235	-0.0003816	0.0004676	-0.001219	0.0001032	0.000228	0.0005422	0.0008636	0.0002945	6.878213E-005	0.0014203	0.0001606	-8.512499E-005	9.332551E-005	-0.0002096	0.0004725
	23	46	7558.594	6.943253	-7.491076	1	10.21396	-47.17349	1.627835E-006	7.395126E-005	11	0.0097528	0.0996179	1467.251	0.0519194	0.0020033	-0.8825917	0.0154706	-6.004841	6.725846	-0.0100171	-0.0424615	-0.0120275	0.0046575	0.0095829	0.0094038	0.0098004	-0.001881	0.0024017	0.0009831	0.0006433	-0.0013151	-0.0016354	0.0026141	-0.0016378	0.0070698	0.0001376	0.0004583	0.0006569	0.0003037	-0.0004493	-3.246964E-005	-0.001159	8.989312E-005	-0.0002594	0.0001269	-0.0009632	0.0008679	1.648534E-005	-0.0003112	-0.0001324	-0.0012326	-7.655752E-005	-8.222881E-005	-0.0005539	-0.000316
	24	48	5960.648	7.742143	-8.992147	1	11.8659	-49.2719	-1.553875E-006	0.0001525	11	0.0084001	0.0996766	1466.619	0.0601067	0.0018798	0.2584774	-0.7150059	-4.435242	-7.856184	-0.0261068	0.0334931	0.0085121	0.0043532	0.0135252	0.0087823	0.0096775	-0.0052802	-0.0017879	0.0025716	0.0008682	0.0009545	0.0028872	-0.0024021	0.0023439	-0.0077798	0.0005066	0.0003719	0.000825	-0.0003295	-0.0003101	-0.0005899	-0.001219	-0.0009671	0.0001564	-0.0002116	0.0002617	-0.0011233	-0.0003411	1.633633E-005	-0.0014093	0.0004846	-6.08787E-005	-0.0001168	-0.0003395	-0.0003312
	25	49	4746.094	8.716145	-10.64908	1	13.76133	-50.7001	1.206565E-006	7.551844E-005	11	0.0072521	0.0998	1467.341	0.0676231	0.0017942	0.3039398	0.581778	8.845958	1.828018	0.0297077	0.0267051	0.0030654	-0.0062935	0.0011316	0.0184561	0.0110207	0.0032712	0.0024006	-0.0025511	-0.0006602	-0.0008453	0.0002069	-0.0043534	-0.005976	-0.006079	-0.0004626	0.0005253	0.0005809	0.000648	-5.53094E-005	0.0007845	0.0009346	0.0014628	7.606763E-005	-0.0002819	-0.0003461	-0.0011052	9.298371E-005	-0.0003158	-9.424985E-005	-0.0014405	-6.185613E-005	0.000134	-8.737297E-005	0.0006922
	26	51	3761.574	9.96191	-12.57262	1	16.0409	-51.60848	-1.603879E-006	0.0001563	11	0.0062229	0.0998211	1466.619	0.07475	0.0016993	-0.5331358	0.1816436	-3.022616	8.514161	-0.0133279	-0.0337085	-0.0033933	0.0032177	0.0158839	0.0129801	0.0085264	-0.0075635	0.0036456	0.0005505	0.0002427	-0.0008373	0.0024288	0.0041068	0.0087014	-0.0004343	0.0006804	0.0002992	0.0002458	-0.0007919	0.0001235	0.0008512	0.001435	0.000916	0.0002413	2.652383E-005	0.0008782	-0.0007219	-5.574386E-005	0.0003603	0.0005126	0.001319	0.0001206	5.528564E-005	0.0006197	2.053939E-005
	27	52	2993.223	11.44822	-14.71032	1	18.64016	-52.10837	9.505002E-007	0.0001503	10	0.0053654	0.100012	1467.251	0.0823664	0.0018482	-0.0569461	0.4822688	6.445921	6.355297	-0.0198807	0.0257029	0.0043405	0.001498	-0.0168128	-0.014775	-0.0081719	0.0096713	-0.0023323	0.0029321	0.0007484	0.000911	-0.0018942	0.0048681	0.0078426	0.0052468	0.0007536	0.000235	6.971136E-005	-0.000873	0.0009504	9.116507E-005	0.0008055	-0.0015854	-0.0002004	-8.729613E-005	-0.0012194	0.0004492	-0.0001858	-0.000304	-0.0013948	-0.000504	3.380002E-006	0.000103	0.0002349	0.0004614
	28	54	2372.685	13.31367	-17.12603	1	21.69227	-52.13873	1.256456E-006	0.0001489	10	0.0046035	0.0998604	1466.619	0.089333	0.0017111	0.1847335	0.3734694	8.856337	1.804638	0.0096503	0.0263248	0.0017227	-0.0020179	-0.0175019	0.015786	0.0094316	0.0070649	0.0034282	0.0009025	0.0005142	-0.0008139	0.0042988	-0.0033245	-0.0058909	-0.0070431	-0.0007139	-0.0002374	0.0001275	0.0006628	-0.0008735	0.0004783	0.0007103	0.0016151	9.254762E-005	-0.0001644	-0.0003587	-0.0012905	0.0002124	-0.0002482	-0.0002031	-0.0015279	-4.770497E-005	7.466855E-005	2.025906E-005	0.0005463
	29	55	1886.433	15.50519	-19.77683	1	25.13034	-51.90329	-4.441852E-006	6.532006E-005	10	0.0039764	0.0999294	1467.251	0.0969014	0.0015454	0.3135738	-0.1766464	1.365416	-8.940921	-0.0076725	-0.0227203	-0.0006012	0.0013435	-0.0146196	-0.0195878	-0.0056174	0.0089397	0.0030602	0.0010653	0.0004532	-0.0005195	-0.0033762	-0.0044985	-0.0053009	0.0067966	0.0006852	0.0002222	-0.0001701	-0.0004438	-0.0005662	-0.0008534	-0.0013771	0.001135	3.851997E-005	-0.0001323	-0.0006832	-0.0008615	-0.0002385	-0.0001237	-0.0011931	0.000817	-5.779323E-006	-7.808617E-005	-0.0002415	-0.0004384
	30	57	1506.696	18.02975	-22.63529	1	28.93836	-51.46153	-4.058781E-006	6.46027E-005	10	0.0034532	0.0999312	1466.619	0.1049594	0.0014508	0.2750279	-0.1484865	1.595187	-8.902963	-0.0034122	-0.0200139	0.0001202	0.0009517	-0.0086799	-0.0233735	-0.0058874	0.007501	0.0022993	0.0017642	0.0004727	-0.0003141	-0.0016803	-0.0054339	-0.0058283	0.0062997	0.0004751	0.000381	-0.0003358	-0.0005376	-0.0001594	-0.0010408	-0.0013423	0.0007053	7.08873E-005	-0.0001215	-0.0004861	-0.0010241	-0.0001641	-0.0001897	-0.0012651	0.0006192	1.85236E-005	-0.0001036	-0.0001869	-0.0006006
	31	58	1185.994	21.15607	-25.99125	1	33.51305	-50.85548	9.024479E-007	0.0001494	10	0.0029823	0.0999476	1467.251	0.1143299	0.0013266	0.1565402	0.2199046	9.027501	0.5816753	0.0049387	0.0160806	-0.0007777	-0.0005038	-0.021961	0.0120458	0.008418	0.002253	0.0023569	0.0009767	0.0004996	-0.0002774	0.0046874	-0.0034737	-0.0076809	-0.0008333	-0.0005685	-0.0001092	0.0003873	0.0002327	-0.0007429	0.0007397	0.0016896	0.0002818	-7.318811E-005	-0.0001032	-0.0012104	6.631017E-006	-2.848357E-005	-0.0002172	-0.0015289	-0.0001124	5.482812E-005	5.650101E-005	0.0004879	2.380088E-005
	32	60	948.6607	24.52718	-29.46771	1	38.33965	-50.228	-4.303794E-006	6.391172E-005	10	0.0026076	0.0999729	1466.708	0.1244511	0.0012678	0.1329268	0.1950149	9.007113	0.8645488	0.0021324	0.0138472	-0.0013448	-0.0003148	-0.024187	0.0062848	0.0076132	0.0028365	0.0017389	0.0013756	0.0004228	-4.022011E-005	0.0056111	-0.001948	-0.0072941	-0.0019699	-0.000451	-0.0002772	0.0005021	7.038563E-005	-0.0010834	0.0004286	0.0012971	0.0006333	-3.786828E-005	-0.0001035	-0.0013103	-0.0001647	8.222903E-005	-0.0001896	-0.0013716	-0.0004746	1.392746E-005	5.414267E-005	0.0004736	7.906556E-005
	33	61	752.3148	28.49209	-33.40945	1	43.90889	-49.54195	1.771548E-006	0.000155	10	0.0022769	0.0999754	1467.251	0.1356296	0.0012006	0.205691	0.0126551	6.282467	-6.512323	0.0109538	-0.003473	0.0002745	0.0014529	0.0232904	0.0081702	-0.0055533	-0.0043414	-0.001817	-0.0005845	-0.0002405	0.0002515	-0.000339	0.0058655	0.0022637	-0.0074718	-3.079628E-005	-0.000478	0.0002785	0.0003739	-0.0012216	0.0002394	0.0010954	0.000242	-8.161309E-005	-7.267577E-005	-0.0008166	0.000832	-0.0001593	-6.31403E-005	0.0002793	0.0013848	-1.474796E-005	-7.804961E-005	-0.0004021	-0.0002803
	34	63	599.564	32.8858	-37.68418	1	50.01573	-48.88982	-4.416005E-006	6.541662E-005	10	0.0019989	0.0999788	1466.619	0.1472397	0.0011757	0.0561573	-0.171988	-4.63531	-7.771697	-0.0090122	-0.0026826	0.0005245	-0.0016257	-0.0229261	0.0074877	0.0066681	-0.001371	-0.0001912	-0.0016113	-0.0002091	-7.375331E-005	0.0003106	0.0059112	-0.0004055	-0.0076892	-0.0004112	-1.382357E-005	0.0003828	-0.0003694	0.0012613	0.000297	-0.0010404	-0.0003296	6.359989E-005	1.545006E-006	-0.0005695	-0.0008699	2.029435E-005	-0.0001709	-0.0004716	0.001232	-5.446696E-005	-4.839758E-005	-0.0005202	0.000123
	35	64	474.0168	38.00697	-42.60614	1	57.09477	-48.26533	-5.791371E-007	0.0001087	10	0.0017505	0.0999493	1467.251	0.1598283	0.0011455	0.0970958	0.125199	9.024306	0.6315714	6.082759E-005	0.0076092	-0.0018978	0.0001071	-0.0232874	-0.0009833	0.0068225	-0.0004643	0.0010065	0.0009962	0.000256	-7.763506E-005	0.0060096	-0.0002705	-0.0067662	0.0024356	-0.0003511	-0.0002073	0.0003787	-0.0002172	-0.0012858	0.0001718	0.0011351	-0.0006245	3.115041E-006	-2.680771E-005	-0.0008214	0.0007038	0.0001389	-6.166497E-005	-0.0009858	0.000958	3.546342E-005	2.970686E-006	0.0003502	-0.0004125
	36	66	377.1552	43.61376	-47.95285	1	64.82003	-47.71306	-7.66453E-007	0.0001096	10	0.0015423	0.0999722	1466.528	0.1728817	0.0011307	0.1076103	0.0889111	8.958227	-1.274627	0.0022445	0.005738	-0.0016439	0.0010645	-0.0197756	0.0106517	0.0044362	-0.0050883	0.0012384	-3.644802E-005	1.353957E-005	-0.0003706	0.0033297	-0.0050161	0.0002322	0.0070577	-0.0002964	0.0002446	-0.0002021	-0.0003709	-0.0001241	0.0013744	-0.0008939	-0.0009746	-6.391202E-007	-1.894176E-005	0.0010281	0.0005271	-7.352839E-005	-0.0001857	0.0012884	0.0001573	-1.603901E-005	-1.779187E-005	-0.000566	1.966581E-005
	37	67	298.2954	50.03202	-54.06639	1	73.66395	-47.21941	-1.076092E-006	4.695496E-005	10	0.0013567	0.0999441	1467.161	0.1865515	0.0011297	-0.1198474	0.0267543	-4.555227	7.815268	0.0042205	-0.002586	0.0014504	0.0012376	-0.0214615	-0.0006628	0.0056266	-0.0037797	-0.0009702	0.0004961	0.0001068	0.0002408	-0.0037418	-0.004662	0.0070093	-0.0006735	-0.0003575	-7.597859E-005	2.125278E-005	-0.0004237	0.0002485	-0.0014322	0.0010717	0.0006339	-1.553493E-005	-4.938391E-005	0.0007185	-0.0009029	0.0002422	-0.0001064	0.0006476	0.0011962	1.943437E-005	-2.840941E-006	0.0005064	-0.0001828
	38	69	236.7424	57.141	-60.8204	1	83.45187	-46.78656	-6.130394E-007	0.0001091	10	0.0011967	0.099872	1466.528	0.200219	0.0011331	0.0516522	0.0952085	8.740915	2.30366	-0.0020233	0.0034115	-0.002001	-0.0001144	-0.0131661	-0.0155859	0.0067021	-0.0002298	-2.100412E-005	0.0009691	0.0003309	-0.0001178	0.0020802	0.0055241	-0.0069778	0.0013723	6.599961E-005	-0.0003469	0.0004628	-6.946922E-005	-6.962652E-005	-0.0015171	0.0012168	-0.0003998	-4.562859E-005	6.729388E-005	-0.0010432	0.0004273	-0.0001254	0.0003143	-0.0012364	0.0005655	3.363041E-005	-1.305225E-005	0.000437	-0.0002163
	39	70	189.0121	64.85252	-68.21144	1	94.12041	-46.446	-1.130365E-006	4.418707E-005	10	0.0010607	0.0998306	1467.161	0.2138267	0.0011514	0.0392619	0.0876043	8.520588	3.007035	-0.0021837	0.0023287	-0.001992	-0.0001999	-0.0073229	-0.0178923	0.0069017	-0.0002847	-0.0002936	0.0008146	0.0002571	4.445761E-005	-0.000749	0.0057715	-0.0069968	0.0013006	0.000212	-0.0002611	0.0005142	-0.0001513	0.0009064	-0.0013	0.0012378	-0.0004241	-0.0000996	3.914919E-005	-0.0010717	0.0004735	-0.0003628	0.0001748	-0.0013248	0.0006143	4.665455E-005	-3.79418E-006	0.0004846	-0.0002438
	40	72	149.6011	73.79804	-76.71285	1	106.4472	-46.10946	-9.947596E-007	4.633827E-005	10	0.000935	0.0995321	1466.619	0.2277152	0.0011655	-0.0548065	0.0644857	0.8991398	8.963637	-0.0001643	-0.0025201	0.0011566	-0.0015286	0.0013091	0.0180957	-0.0069702	0.0007329	0.000769	0.0001209	-0.0001879	-0.0001867	0.0023516	0.005177	-0.0015695	0.0070233	0.0002844	-0.0001148	0.0004637	-0.0001437	0.0012029	0.0010757	0.0011776	0.0005932	7.006794E-005	-0.0001041	-0.0001291	-0.0011439	0.000419	0.0001186	0.0011258	-0.0008691	-4.173676E-006	-5.20995E-005	-0.0004529	-0.0002271
	41	73	119.1737	83.41144	-85.84576	1	119.6953	-45.82399	-1.426941E-006	4.222052E-005	10	0.0008269	0.0989728	1467.161	0.2405562	0.0011896	-0.0030451	-0.0747778	-6.671711	-5.97779	-0.0019847	-0.0001822	-0.0017162	-0.0009555	-0.0133087	0.0104774	-0.0064597	-0.0030253	-0.0006493	-0.0002253	0.0002737	0.0001496	0.0043653	0.0033025	0.006051	0.004026	3.868513E-005	0.000282	0.0003472	0.0002628	0.00048	-0.0015215	-0.001065	-0.0009603	7.343671E-005	-8.038237E-005	-0.0008302	-0.0008247	-0.0004132	4.799702E-005	0.0008486	0.0011198	-3.267647E-005	2.4529E-006	0.0002597	0.0005001
	42	75	94.69697	134.0876	-94.85812	1	164.2484	-35.27689	-5.682891E-006	8.781553E-005	10	0.000613	0.1006919	1466.98	0.2933477	5.23899E-005	0.016015	-0.0226541	-0.0005128	-4.556797	0.0002327	-2.946188E-005	2.388749E-005	-4.811353E-005	0.0026189	-0.0072245	3.056973E-005	-7.735054E-005	0.000242	9.470459E-005	-3.157277E-005	1.429673E-005	0.0004587	-0.0024934	-4.917198E-005	5.59222E-005	0.0001186	1.940622E-005	-6.284286E-005	-1.137937E-005	4.54628E-006	-0.0007569	-2.864003E-005	-9.312016E-005	4.299817E-005	5.018956E-007	-3.277232E-005	-3.681799E-005	-3.861131E-005	-0.0002006	-2.32691E-005	0.0001488	1.367199E-005	-2.447429E-006	4.192209E-005	-7.208438E-007
	43	76	75	150.6266	-106.8686	1	184.6869	-35.35547	-5.759299E-006	8.521535E-005	9	0.0005414	0.0999987	1466.799	0.2996728	4.629431E-005	0.0141765	-0.0199858	0.0003553	-4.525427	0.0002216	5.612674E-006	-5.252102E-005	-3.44005E-005	0.0024952	-0.0064558	3.178976E-005	-0.0001833	0.0002222	8.83161E-005	1.220033E-005	2.668425E-005	0.0004918	-0.0022617	3.653578E-006	-1.861667E-005	0.0001122	1.987127E-005	1.904741E-005	1.002056E-005	3.700613E-005	-0.0007046	2.719462E-007	-2.408121E-005	4.377495E-005	2.037647E-006	-1.363829E-005	-7.770957E-006	-2.500328E-005	-0.0001955	3.011245E-005	-5.729497E-006	1.150006E-005	2.283196E-007	-3.898704E-005	1.940411E-005
	44	78	54.50581	164.3416	-126.8514	1	207.6041	-37.6637	-4.645094E-006	2.599114E-005	9	0.0004817	0.1	1466.708	0.3175543	4.565303E-005	0.0266325	-0.0345171	-0.0004662	-9.050969	0.0004338	6.17562E-005	0.0001003	-1.9742E-005	0.0055749	-0.0117393	0.0002667	-0.0002122	0.000405	0.0001839	8.401927E-006	2.539961E-005	0.0013239	-0.0042915	0.0001009	-0.0001309	0.0002119	4.374214E-005	-3.88315E-005	-5.073451E-005	0.0001897	-0.001402	-3.776048E-005	7.533957E-005	7.669505E-005	4.577174E-006	-2.062554E-005	4.520407E-006	-1.806562E-005	-0.0004065	-5.120925E-005	-1.982134E-005	2.490883E-005	2.920671E-006	-2.993643E-005	-2.414687E-005
	45	79	45.95588	140.1423	-141.329	1	199.0321	-45.24157	-4.419685E-006	2.181513E-005	9	0.0005024	0.0999889	1466.98	0.2914334	4.514413E-005	0.0306195	-0.0336135	-0.4558797	-9.038471	0.0003251	-0.0006909	-4.099031E-005	-0.0001699	0.0036549	-0.0118378	-0.0002367	-0.0001774	0.0004346	0.0001857	6.867573E-005	1.125107E-005	0.0002885	-0.0043662	-0.0001523	-5.805587E-005	0.000227	1.648764E-005	-5.204232E-005	3.538979E-005	-0.0002868	-0.0013578	-1.66595E-005	7.698312E-005	8.309569E-005	-2.53857E-005	1.087412E-005	3.198348E-005	-0.0001994	-0.0003494	-6.179513E-005	-9.916258E-006	2.292229E-005	-1.777687E-005	-4.117564E-005	2.301205E-005
	46	81	37.5	156.4481	-156.9151	1	221.5815	-45.08538	-3.962031E-006	2.201097E-005	9	0.0004513	0.1000013	1466.799	0.3018095	3.876016E-005	0.0278438	-0.0298865	-0.3305946	-9.045043	0.0003385	-0.0005244	6.931834E-006	-6.262039E-005	0.0041849	-0.0107153	-0.0001898	-0.0001417	0.000391	0.0001895	6.76699E-006	-1.955591E-005	0.0007244	-0.0040659	-9.477512E-005	2.376479E-005	0.0002113	3.485561E-005	-7.969515E-005	4.139426E-005	-7.62051E-005	-0.0013396	-4.285668E-005	0.0001063	8.230924E-005	-1.300195E-005	-5.408005E-005	6.033387E-005	-0.0001289	-0.0003796	1.438242E-005	0.0001255	2.514251E-005	-1.157251E-005	-8.924679E-005	3.672438E-005
	47	82	30.04808	176.9165	-175.9209	1	249.4947	-44.83832	-4.177339E-006	2.240083E-005	9	0.0004008	0.1000017	1467.251	0.3127849	4.270163E-005	0.0249381	-0.0263466	-0.2205992	-9.048433	0.0003379	-0.0003601	2.488028E-005	-3.106566E-005	0.0044966	-0.0095631	-0.0001723	-0.000255	0.0003498	0.0001934	4.206505E-005	0.0000958	0.0010552	-0.0037054	-2.939534E-005	-0.0001455	0.0001958	5.351705E-005	-6.426779E-005	-4.158356E-007	0.000105	-0.001274	-3.364869E-005	0.0001075	8.187126E-005	1.562614E-006	-1.182128E-005	8.415431E-006	-5.665332E-005	-0.0003882	6.882474E-006	1.806579E-005	2.782387E-005	-4.704184E-006	6.156042E-007	5.202182E-005
	48	84	23.91582	196.6945	-198.0298	1	279.1139	-45.19382	-3.758434E-006	2.363819E-005	9	0.0003583	0.0999953	1466.799	0.3198991	3.844484E-005	0.0226693	-0.0231849	-0.1304891	-9.049604	0.0003259	-0.0002782	-5.085022E-005	-5.109336E-005	0.0045814	-0.0084831	-0.0001059	-0.0002707	0.0003108	0.0001923	-8.013939E-005	-5.454059E-006	0.0012638	-0.0033309	-4.805812E-005	-8.394617E-005	0.0001786	6.624986E-005	-2.300646E-005	1.263688E-005	0.0002394	-0.0011803	-5.133451E-006	7.657637E-005	7.853287E-005	1.162892E-005	-7.170254E-006	7.194234E-006	3.773544E-006	-0.0003782	7.539056E-006	7.767812E-005	2.89531E-005	-2.241141E-007	-1.846347E-005	-4.969073E-005
	49	86	18.8253	222.2876	-224.0225	1	315.5913	-45.22272	-3.320998E-006	2.48242E-005	9	0.0003169	0.1000013	1466.708	0.3287874	3.470389E-005	0.0202305	-0.0203286	-0.0555971	-9.050915	0.0003051	-0.000189	4.415447E-005	-5.593408E-006	0.0045404	-0.0074762	-0.0001289	-0.0001923	0.0002754	0.0001857	-4.855032E-005	5.767797E-006	0.0013906	-0.0029652	4.982576E-006	-0.0001749	0.000161	7.417826E-005	3.085844E-005	4.074513E-005	0.0003379	-0.0010761	-4.822902E-005	9.778887E-009	7.333938E-005	1.996743E-005	3.352761E-006	-1.973845E-005	5.257566E-005	-0.0003586	5.004229E-005	4.272885E-005	2.821343E-005	4.360336E-006	-9.960496E-006	-1.749443E-005
	50	87	15.02404	250.0684	-251.5347	1	354.6885	-45.16749	-3.0044E-006	2.298481E-005	9	0.0002819	0.1000003	1466.708	0.3372101	3.196736E-005	0.0180958	-0.0179921	0.0007408	-9.050996	0.000283	-0.0001206	2.45953E-005	-3.458537E-005	0.0044131	-0.0066343	-6.542542E-005	-0.0002031	0.0002459	0.0001773	-3.353321E-005	1.417147E-005	0.001446	-0.002648	-4.59971E-005	-0.0001329	0.0001454	7.817275E-005	-3.143679E-006	-5.587936E-009	0.0003992	-0.0009769	1.601409E-005	0.0001019	6.762735E-005	2.564609E-005	-8.048956E-006	-2.127304E-005	8.723109E-005	-0.0003344	7.537194E-006	5.687075E-005	2.684808E-005	7.4977E-006	2.124766E-005	-1.889514E-005
	51	89	11.95791	281.0252	-282.8072	1	398.6917	-45.18108	-2.675504E-006	2.450891E-005	9	0.0002508	0.1000002	1466.708	0.344658	3.408223E-005	0.0161824	-0.0159215	0.0458964	-9.050872	0.0002599	-7.08586E-005	-2.871268E-005	-2.467982E-005	0.0042141	-0.0058786	-6.998424E-005	-0.0002639	0.0002196	0.0001678	-2.243882E-005	5.326699E-006	0.001451	-0.0023556	-1.3215E-005	-8.45939E-005	0.0001305	7.961438E-005	2.682349E-005	-1.041254E-005	0.0004359	-0.00088	1.04038E-005	5.727145E-005	6.157496E-005	2.918696E-005	-1.85268E-005	1.028157E-005	0.000112	-0.0003076	-5.341555E-005	5.730428E-005	2.503867E-005	9.850162E-006	2.238527E-005	-1.19186E-006
	52	91	9.52744	315.4946	-317.7414	1	447.7683	-45.2033	-2.387791E-006	2.369905E-005	9	0.0002233	0.0999996	1466.708	0.3514271	2.10007E-005	0.0144702	-0.0141137	0.0815251	-9.050566	0.0002368	-3.410781E-005	-2.201647E-006	-2.187427E-005	0.003976	-0.0052132	-3.698655E-005	-0.0001638	0.0001957	0.0001575	-1.205783E-005	4.223548E-007	0.0014216	-0.0020941	-1.325552E-005	-3.794384E-005	0.0001165	7.889139E-005	-1.855288E-005	-1.172593E-005	0.0004532	-0.0007892	-3.493485E-005	3.456324E-005	5.560201E-005	3.124623E-005	4.582945E-005	-9.785873E-007	0.0001285	-0.0002801	3.472902E-006	2.498552E-005	2.30564E-005	1.129245E-005	-3.441704E-006	-5.015406E-006
	53	94	7.524077	356.2164	-358.5125	1	505.3922	-45.18406	-2.080877E-006	2.310157E-005	9	0.0001979	0.1000006	1466.708	0.3582393	2.826344E-005	0.0128574	-0.0124666	0.1111492	-9.05034	0.0002136	-4.651184E-006	-2.224697E-005	-1.661747E-005	0.0037099	-0.0046037	-5.310495E-005	-0.0001909	0.0001735	0.0001465	-6.46012E-006	-2.877787E-006	0.0013681	-0.0018516	-3.580703E-005	-0.0001227	0.0001033	7.677013E-005	-2.59541E-005	-1.018785E-005	0.0004567	-0.0007024	-1.70297E-005	4.280987E-005	4.953895E-005	3.205174E-005	-1.086807E-005	-8.061529E-006	0.0001386	-0.0002521	-2.855482E-005	7.088063E-005	2.081007E-005	1.217544E-005	4.651025E-006	9.046867E-006
	54	96	5.98659	400.4485	-402.8846	1	568.0449	-45.17375	-1.84113E-006	2.281054E-005	9	0.000176	0.0999999	1466.619	0.36424	2.890846E-005	0.0114651	-0.0110647	0.1338484	-9.049967	0.0001928	1.570092E-005	1.552748E-005	-1.000217E-005	0.0034425	-0.0040838	-4.852285E-005	-0.0002152	0.0001546	0.0001359	-2.422463E-005	-8.964155E-006	0.0013003	-0.0016431	-1.538033E-005	-0.0001284	9.182497E-005	7.359935E-005	3.205612E-006	9.615324E-006	0.0004494	-0.000626	2.918765E-006	-7.536962E-006	4.430285E-005	3.19383E-005	3.674999E-006	-7.695054E-006	0.0001433	-0.0002267	-1.624273E-005	3.808597E-005	1.888089E-005	1.268973E-005	9.603798E-006	-4.706207E-006
	55	99	4.76372	450.0947	-452.6338	1	638.3279	-45.16116	-1.658774E-006	2.10853E-005	9	0.0001567	0.0999996	1466.708	0.3697475	2.967474E-005	0.0102202	-0.0098283	0.1518399	-9.049659	0.0001736	2.986518E-005	-1.106737E-005	-1.232486E-005	0.0031754	-0.0036249	-5.398412E-006	-0.0002312	0.0001375	0.0001253	-3.339025E-005	-1.99044E-005	0.0012232	-0.001458	3.318768E-006	-0.0001096	8.151971E-005	6.957413E-005	-1.563225E-006	-1.065934E-005	0.0004346	-0.000557	1.110695E-005	5.348993E-005	3.945439E-005	3.116346E-005	-2.230518E-007	-2.311357E-005	0.0001437	-0.0002028	-7.714612E-006	2.291566E-005	1.697755E-005	1.265768E-005	1.061801E-005	2.230681E-005
	56	102	3.76506	507.715	-510.1638	1	719.7511	-45.13784	-1.41803E-006	2.365789E-005	9	0.0001389	0.1	1467.07	0.3750036	2.764975E-005	0.0090748	-0.0087053	0.1665845	-9.049433	0.0001555	3.97824E-005	-1.560105E-005	1.113224E-005	0.0029079	-0.0032079	3.550667E-006	-0.0002185	0.000122	0.0001147	-1.59014E-005	-2.274377E-005	0.0011389	-0.0012892	7.190742E-006	-9.275136E-005	7.202908E-005	6.505832E-005	-2.055103E-005	-4.46255E-006	0.000414	-0.0004931	-1.337333E-005	3.627012E-005	3.497583E-005	2.978605E-005	-1.175283E-005	-1.187297E-005	0.0001409	-0.0001802	-1.94835E-005	4.259485E-005	1.519083E-005	1.244244E-005	-4.010974E-006	2.585887E-005
	57	105	3.008665	569.4581	-571.6754	1	806.9047	-45.11132	-1.289269E-006	2.332605E-005	9	0.0001239	0.1000001	1467.07	0.3796093	2.984313E-005	0.0081007	-0.0077588	0.1777345	-9.049233	0.0001398	4.585624E-005	2.036197E-005	-4.923461E-005	0.0026633	-0.0028565	-3.245288E-005	-0.0002449	0.0001088	0.0001052	-1.129694E-005	1.273607E-005	0.0010573	-0.0011469	5.899929E-006	-7.88119E-005	6.407131E-005	6.065996E-005	9.010546E-007	1.54631E-005	0.0003914	-0.000439	-1.372979E-005	2.770324E-005	3.118716E-005	2.833951E-005	1.013139E-005	3.094249E-005	0.0001364	-0.0001609	5.706213E-006	-1.549034E-005	1.36711E-005	1.211101E-005	-1.794193E-006	-6.303658E-006
	58	109	2.38186	641.7051	-643.4999	1	908.778	-45.08001	-1.122278E-006	2.380754E-005	9	0.00011	0.1000002	1466.708	0.3839981	2.787313E-005	0.0071959	-0.0068856	0.1869665	-9.049052	0.0001249	4.945155E-005	-7.759781E-006	8.226692E-006	0.0024222	-0.0025326	-4.457777E-006	-0.0002269	0.0000965	0.0000956	-1.625996E-005	-3.969472E-006	0.000973	-0.0010157	8.738134E-007	-0.0001075	5.66997E-005	5.589575E-005	-5.298994E-006	1.036329E-006	0.0003659	-0.0003887	-9.378419E-007	8.649426E-006	2.768642E-005	2.654921E-005	1.032604E-006	3.62366E-006	0.0001299	-0.0001426	3.97698E-006	-3.300375E-007	1.221633E-005	1.15387E-005	-1.295703E-006	-6.874326E-006
	59	114	1.890121	722.1733	-723.2859	1	1022.094	-45.0441	-9.801864E-007	2.332764E-005	9	0.0000978	0.1000002	1466.619	0.3879411	2.850783E-005	0.0063992	-0.006121	0.1942475	-9.048903	0.0001117	5.087059E-005	-1.96998E-006	3.062858E-006	0.0021986	-0.0022493	-1.625391E-005	-0.0002326	8.576197E-005	8.683833E-005	-1.649629E-005	-5.656913E-006	0.000892	-0.0009007	7.507391E-006	-0.0001021	5.030045E-005	5.13331E-005	5.78491E-006	4.987814E-006	0.0003399	-0.0003444	2.196292E-006	3.037334E-005	2.458291E-005	2.473311E-005	3.53693E-006	-1.373026E-005	0.0001225	-0.0001265	-2.505258E-007	-7.315307E-006	1.084121E-005	1.092017E-005	1.033512E-005	6.505637E-006
	60	119	1.502404	812.0135	-812.1069	1	1148.427	-45.0033	-8.629728E-007	2.367538E-005	9	8.707568E-005	0.1	1467.161	0.3915294	2.883327E-005	0.0056948	-0.0054481	0.1999596	-9.048761	0.0001001	5.103365E-005	-1.925835E-005	-4.465489E-006	0.0019923	-0.0020001	-4.801435E-006	-0.0002375	7.643494E-005	7.878851E-005	-2.068537E-005	1.298444E-005	0.0008152	-0.0007998	-3.371622E-006	-9.34623E-005	4.463158E-005	4.699953E-005	-1.583528E-005	-5.84568E-006	0.0003141	-0.0003056	-2.757646E-006	3.571808E-005	2.187503E-005	2.30056E-005	9.733951E-006	4.175003E-006	0.0001146	-0.0001122	-5.691779E-006	1.117366E-005	9.661613E-006	1.027279E-005	-1.000497E-005	-3.952883E-006
	61	126	1.195791	912.3179	-911.053	1	1289.318	-44.96025	-7.344377E-007	2.242755E-005	9	7.756046E-005	0.1000001	1467.07	0.394787	2.978492E-005	0.0050713	-0.004854	0.204472	-9.048669	8.964958E-005	4.998783E-005	-3.144145E-006	-1.100192E-005	0.0018028	-0.0017804	2.523186E-006	-0.0002438	6.802049E-005	7.128601E-005	-8.012402E-006	-2.852816E-006	0.0007431	-0.000711	5.265698E-006	-0.0000994	3.968395E-005	4.278489E-005	-8.848497E-006	-8.080156E-006	0.0002889	-0.0002713	-6.100397E-006	5.093659E-005	1.935643E-005	2.115115E-005	-2.676854E-006	4.281173E-006	0.0001067	-0.0000996	-1.079636E-006	1.695869E-005	8.630072E-006	9.535976E-006	-2.216082E-006	-2.960907E-006
	62	134	0.9486946	1026.822	-1024.334	1	1450.387	-44.93048	-8.091743E-007	2.348111E-005	9	6.894737E-005	0.1000004	1466.619	0.397762	3.116822E-005	0.0045077	-0.0043155	0.2081116	-9.048612	7.992848E-005	5.071434E-005	2.561277E-005	6.002752E-006	0.0016257	-0.0015814	5.319715E-006	-0.0002463	6.048674E-005	6.542497E-005	-2.158177E-005	-1.072761E-005	0.0006744	-0.0006303	-7.527416E-007	-0.0001181	3.518031E-005	3.964834E-005	-1.331116E-005	7.715193E-006	0.0002643	-0.0002401	-2.167164E-005	4.146458E-005	1.721195E-005	1.996347E-005	2.739718E-005	1.249497E-005	0.0000985	-8.778677E-005	-4.00236E-007	-1.437217E-005	7.576287E-006	9.26901E-006	-1.066714E-005	-6.615302E-006
	63	141	0.7515633	1155.544	-1149.756	1	1630.098	-44.85613	-4.879381E-007	2.330316E-005	9	6.134567E-005	0.0999995	1466.619	0.4004259	3.01456E-005	0.0040069	-0.0038436	0.2110257	-9.048461	7.194046E-005	4.522447E-005	-1.088949E-006	-7.033931E-006	0.0014635	-0.0014072	7.21775E-008	-0.0002418	5.398451E-005	5.755064E-005	-8.26642E-006	5.795737E-007	0.0006105	-0.0005604	-7.938362E-006	-0.0001155	3.13355E-005	3.490951E-005	-1.638848E-005	-5.078503E-006	0.0002411	-0.0002135	-1.089415E-006	4.186807E-005	1.530672E-005	1.755362E-005	-4.935312E-006	1.514621E-005	9.066205E-005	-7.831941E-005	7.492956E-006	-7.207274E-006	6.80903E-006	7.979997E-006	5.43287E-006	1.628068E-006
	64	152	0.5978954	1297.994	-1289.14	1	1829.391	-44.80392	-4.625367E-007	2.433316E-005	9	5.466295E-005	0.0999999	1466.619	0.4028337	2.977285E-005	0.0035682	-0.0034273	0.2133008	-9.048446	6.434469E-005	4.273505E-005	-2.936134E-005	-5.39233E-006	0.001318	-0.0012537	-2.273079E-005	-0.0002327	4.819386E-005	5.180213E-005	-1.894869E-005	7.320195E-007	0.0005526	-0.0004987	1.740339E-005	-0.0001231	2.782986E-005	3.1604E-005	7.816125E-007	4.225876E-007	0.0002195	-0.0001897	-9.868062E-006	2.877449E-005	1.363292E-005	1.589301E-005	5.173497E-006	2.398621E-006	8.309209E-005	-6.951543E-005	-3.10014E-006	1.620816E-005	6.081878E-006	7.359802E-006	1.621433E-006	-2.089422E-006
	65	165	0.4763719	1456.234	-1445.103	1	2051.57	-44.7802	-4.292536E-007	2.44354E-005	8	4.874186E-005	0.0999973	1466.619	0.4047604	2.232179E-005	0.0031809	-0.0030568	0.2147909	-9.048178	5.771156E-005	4.181153E-005	1.116423E-006	4.245376E-006	0.0011859	-0.001117	-9.467035E-005	-0.0001388	4.299196E-005	4.776387E-005	-9.239885E-006	-7.75524E-006	0.0004991	-0.0004435	-3.634138E-005	-9.047305E-005	2.482797E-005	2.929455E-005	-1.768349E-006	-9.203214E-006	0.0001992	-0.0001683	-3.314881E-005	3.876304E-005	1.208645E-005	1.500443E-005	1.637032E-006	1.063536E-005	7.58313E-005	-6.140899E-005	1.032837E-006	8.417177E-006	5.321952E-006	7.07704E-006	-4.66616E-006	4.738453E-006
	66	177	0.3780242	1637.333	-1621.188	1	2304.15	-44.71613	-3.732201E-007	2.408087E-005	8	4.340014E-005	0.1000004	1466.619	0.4066679	2.394876E-005	0.0028297	-0.0027245	0.2163065	-9.048423	5.171575E-005	3.882035E-005	4.57326E-006	-2.351243E-005	0.0010645	-0.0009945	-0.0000968	-0.0001692	3.832557E-005	4.282658E-005	-1.389743E-005	-4.394679E-008	0.0004497	-0.0003945	-3.106426E-005	-7.333055E-005	2.209334E-005	2.63335E-005	-3.51295E-006	-9.06177E-006	0.0001804	-0.0001496	-2.299855E-005	2.981792E-005	1.075792E-005	1.35639E-005	-2.432848E-006	4.534144E-006	6.904036E-005	-5.45028E-005	-1.169811E-005	5.567912E-006	4.754984E-006	6.421942E-006	5.611917E-006	-1.239858E-005
	67	191	0.3004808	1839.137	-1816.657	1	2585.085	-44.64769	-3.228032E-007	2.227042E-005	8	3.868342E-005	0.0999999	1466.619	0.4083453	2.38146E-005	0.0025196	-0.0024311	0.2174891	-9.048348	4.639285E-005	3.587635E-005	8.913688E-006	-4.974428E-007	0.0009555	-0.0008864	-7.44802E-005	-0.000172	3.423413E-005	3.84E-005	-1.3032E-005	-1.579675E-005	0.000405	-0.0003512	-3.673766E-005	-8.739084E-005	1.970144E-005	2.36846E-005	-9.50182E-006	-8.880395E-006	0.0001631	-0.000133	-1.979363E-005	3.185973E-005	9.568168E-006	1.224825E-005	6.614951E-006	-6.405288E-006	6.274339E-005	-4.84234E-005	-1.050648E-005	4.646834E-006	4.206649E-006	5.815298E-006	2.392335E-006	6.921124E-006
	68	209	0.238186	2069.229	-2038.058	1	2904.374	-44.56518	-2.763011E-007	2.210739E-005	8	3.442278E-005	0.0999733	1466.708	0.4094816	2.342572E-005	0.0020865	-0.0023138	-0.3997942	-9.039713	4.547754E-005	2.726923E-005	-3.215206E-005	9.75118E-006	0.0006767	-0.0009461	-9.238535E-005	-0.0001601	3.845654E-005	2.476967E-005	-1.32937E-005	3.57558E-006	0.000236	-0.0004161	-3.13893E-005	-7.470093E-005	2.434241E-005	1.226081E-005	-6.860123E-006	7.038703E-006	7.328435E-005	-0.0001723	-5.492942E-006	4.726741E-005	1.275368E-005	4.709707E-006	8.726493E-007	2.889428E-006	1.916288E-005	-6.721052E-005	-1.221988E-005	6.746035E-006	5.926508E-006	1.459979E-006	-1.021382E-005	-1.417333E-005
	69	232	0.1890121	2326.222	-2284.98	1	3260.742	-44.48757	-2.49009E-007	2.319748E-005	8	3.067086E-005	0.1000077	1466.438	0.4110496	2.487242E-005	0.0018853	-0.0020377	-0.2717542	-9.047581	4.019331E-005	2.631295E-005	-1.046993E-005	1.434446E-005	0.0006425	-0.0008175	-9.485615E-005	-0.0001756	3.309574E-005	2.419442E-005	-2.983119E-005	1.221895E-006	0.0002396	-0.0003553	-3.265497E-005	-6.612834E-005	2.077973E-005	1.300025E-005	-2.763234E-006	1.923274E-005	8.298796E-005	-0.0001467	2.082344E-005	5.231239E-005	1.092286E-005	5.72383E-006	-9.56189E-006	6.145798E-006	2.640744E-005	-5.775513E-005	-1.399592E-005	1.467951E-005	5.164908E-006	2.240993E-006	9.892508E-006	-4.696661E-006
	70	259	0.1502404	2611.954	-2558.396	1	3656.186	-44.40652	-2.487679E-007	2.134032E-005	8	2.735307E-005	0.1000066	1466.708	0.412239	2.343485E-005	0.0016989	-0.0018008	-0.1706428	-9.049954	3.56198E-005	2.509764E-005	-1.38022E-005	1.522189E-006	0.0006001	-0.0007101	-5.392452E-005	-0.000177	2.864223E-005	2.30903E-005	-1.180638E-005	-1.387834E-005	0.0002334	-0.0003046	-3.082026E-005	-8.345559E-005	1.777447E-005	1.30114E-005	-3.102236E-006	-1.558033E-005	8.566584E-005	-0.0001247	7.3025E-006	4.071393E-005	9.294208E-006	6.137239E-006	9.150244E-006	-8.776785E-006	2.96701E-005	-4.896683E-005	3.539026E-008	-1.313631E-005	4.40143E-006	2.637169E-006	-1.193956E-006	4.264992E-006
	71	293	0.1193355	2934.448	-2867.266	1	4102.707	-44.33656	-3.48733E-007	2.198981E-005	8	2.437539E-005	0.1000042	1466.799	0.4132528	2.5153E-005	0.0015262	-0.0015931	-0.0900173	-9.050902	3.156315E-005	2.442294E-005	8.758157E-006	-8.87958E-006	0.0005539	-0.0006186	-7.721224E-005	-0.0001886	2.482082E-005	2.201412E-005	-1.899526E-005	-8.573989E-006	0.0002215	-0.0002618	-2.265442E-005	-8.961559E-005	1.520399E-005	1.28194E-005	-1.500361E-005	-7.523225E-006	8.420458E-005	-0.000106	-1.66148E-006	2.831616E-005	7.862353E-006	6.35481E-006	-5.923213E-007	1.035165E-006	3.049174E-005	-4.122749E-005	-3.058463E-006	2.370449E-006	3.677718E-006	2.936693E-006	7.447321E-006	-4.36511E-006
	72	333	0.0946587	3298.93	-3214.7	1	4606.217	-44.25913	-4.363298E-007	2.176745E-005	8	2.171074E-005	0.1000039	1467.07	0.4141234	2.671918E-005	0.0013675	-0.0014111	-0.0256135	-9.051281	2.7988E-005	2.355145E-005	2.020132E-005	-1.007458E-005	0.0005068	-0.0005406	-4.616055E-005	-0.000215	2.16106E-005	2.076341E-005	-1.273863E-005	-7.2876E-006	0.0002067	-0.0002259	-1.717312E-005	-8.564292E-005	1.30619E-005	1.236459E-005	1.073815E-005	-7.378637E-006	8.037306E-005	-9.03947E-005	-5.241484E-006	3.828062E-005	6.664843E-006	6.347975E-006	3.940891E-006	1.805602E-006	2.988213E-005	-3.473312E-005	-1.274981E-006	-8.5074E-006	3.069605E-006	3.072631E-006	-3.104564E-006	2.43634E-006
