EXPLAIN
TAG	EISPOT
TITLE	LABEL	Potentiostatic EIS	Test Identifier
DATE	LABEL	2/6/2024	Date
TIME	LABEL	13:19:46	Time
NOTES	NOTES	1	Notes...
	
PSTAT	PSTAT	IFC1010-20135 JB	Potentiostat
VDC	POTEN	0.00000E+000	T	DC Voltage (V)
FREQINIT	QUANT	1.50000E+006	Initial Freq. (Hz)
FREQFINAL	QUANT	1.00000E-001	A Real Number
PTSPERDEC	QUANT	1.00000E+001	Points/decade
VAC	QUANT	2.00000E+001	AC Voltage (mV rms)
AREA	QUANT	1.00000E+000	Sample Area (cm^2)
SPEED	SELECTOR	1	Optimize for:
DRIFTCOR	SELECTOR	0	Drift Correction
THD	SELECTOR	1	THD
ZGUESS	QUANT	1.00000E+002	Estimated Z (ohms)
EOC	QUANT	-3.61446E-005	Open Circuit (V)
SEQUENCER	TOGGLE	TRUE	Run as Sequence
PSTATMODEL	IQUANT	64	Pstat Model
PSTATSECTION	LABEL	IFC1010-20135	Pstat Section
PSTATSERIALNO	LABEL	20135	Pstat Serial Number
CTRLMODE	IQUANT	1	Control Mode
ELECTROMETER	IQUANT	0	RE=0 or CS=1
IESTAB	IQUANT	0	I/E Stability
CASPEED	IQUANT	3	Control Amp Speed
CONVENTION	IQUANT	1	Current Convention
ICHRANGE	IQUANT	2	Ich Range
ICHRANGEMODE	TOGGLE	F	Ich Auto Range
ICHOFFSETENABLE	TOGGLE	T	Ich Offset Enable
ICHOFFSET	QUANT	0	Ich Offset (V)
ICHFILTER	IQUANT	4	Ich Filter
VCHRANGE	IQUANT	2	Vch Range
VCHRANGEMODE	TOGGLE	F	Vch Auto Range
VCHOFFSETENABLE	TOGGLE	T	Vch Offset Enable
VCHOFFSET	QUANT	0	Vch Offset (V)
VCHFILTER	IQUANT	4	Vch Filter
IERANGELOWERLIMIT	IQUANT	4	I/E Range Lower Limit
IERANGEMODE	TOGGLE	F	I/E AutoRange
IERANGE	IQUANT	11	I/E Range
ACHSELECT	IQUANT	0	Ach Select
ACHRANGE	IQUANT	2	Ach Range
ACHOFFSETENABLE	TOGGLE	F	Ach Offset Enable
ACHOFFSET	QUANT	0	Ach Offset (V)
ACHFILTER	IQUANT	1	Ach Filter
SENSECABLEID	IQUANT	13	Sense Cable ID
PWRCABLEID	IQUANT	13	Power Cable ID
DCCALDATE	LABEL	1/30/2024	DC Calibration Date
ACCALDATE	LABEL	1/10/2018	AC Calibration Date
FRAMEWORKVERSION	LABEL	7.10.3	Framework Version
INSTRUMENTVERSION	LABEL	4.91	Instrument Version
COMMVERSION	LABEL	3.10	Communications Version
CPUPLDVERSION	LABEL	2.22	CPU PLD Version
CTRLPLDVERSION	LABEL	0.00	CTRL PLD Version
PSTATPLDVERSION	LABEL	0.00	PSTAT PLD Version
ZCURVE	TABLE
	Pt	Time	Freq	Zreal	Zimag	Zsig	Zmod	Zphz	Idc	Vdc	IERange	Imod	Vmod	Temp	Ithd	Vthd	IHr1	IHi1	VHr1	VHi1	IHr2	IHi2	VHr2	VHi2	IHr3	IHi3	VHr3	VHi3	IHr4	IHi4	VHr4	VHi4	IHr5	IHi5	VHr5	VHi5	IHr6	IHi6	VHr6	VHi6	IHr7	IHi7	VHr7	VHi7	IHr8	IHi8	VHr8	VHi8	IHr9	IHi9	VHr9	VHi9	IHr10	IHi10	VHr10	VHi10
	#	s	Hz	ohm	ohm	V	ohm	°	A	V	#	A	V	°C	#	#	A	A	V	V	A	A	V	V	A	A	V	V	A	A	V	V	A	A	V	V	A	A	V	V	A	A	V	V	A	A	V	V	A	A	V	V	A	A	V	V
	0	5	1500059	4.480807	0.7010068	1	4.535311	8.891652	5.992477E-005	-0.0001803	10	0.0031518	0.0154691	1466.98	0.0023971	0.0027755	-0.0544392	-0.2800233	-0.7254488	-1.197502	0.0002549	-0.0005587	-0.0025719	-0.0026176	0.0002567	-0.0001052	0.0001765	-0.0010886	-5.269424E-006	-4.903179E-005	0.0002164	-0.0002655	9.30432E-006	4.091066E-005	0.0001647	-1.439778E-005	1.124112E-005	5.34518E-005	-2.790615E-005	-7.11768E-005	-1.492101E-005	-3.74599E-005	1.837686E-005	0.0002319	-4.228223E-005	-2.31078E-005	-0.0002328	-0.0002534	-1.961779E-005	-1.124281E-005	-0.0002099	0.0001543	3.767438E-005	-2.039972E-005	-7.08094E-005	-0.0001459
	1	6	1191504	4.436016	0.5458131	1	4.469469	7.014491	1.075478E-005	-8.212867E-005	10	0.0043489	0.0203917	1466.98	0.0031929	0.0037441	0.262105	0.293658	1.553279	0.996855	-0.0006524	-0.0009738	-0.0063761	-0.0011257	0.000262	0.0003301	0.0018964	0.0011386	-9.13645E-006	-5.345913E-005	0.0002917	-0.000241	5.691196E-006	0.0001264	0.0002463	0.0005359	7.18284E-005	-2.730079E-005	0.0004439	-8.057105E-005	3.400218E-005	6.37403E-007	0.0003804	-5.279156E-005	2.86533E-006	-2.099615E-005	8.373102E-005	-0.0001827	-1.61636E-005	-3.093743E-005	-0.0002218	-6.075018E-005	-7.997413E-006	1.833105E-005	-3.203634E-005	-2.304558E-006
	2	8	946464.9	4.409542	0.4018542	1	4.427815	5.207145	1.054482E-005	-0.0001048	10	0.0044451	0.0202678	1467.431	0.0026422	0.0027498	0.2262474	-0.3326826	0.6787761	-1.704227	0.0008065	0.000596	0.0048187	0.0002395	4.519685E-005	0.0002945	0.0002316	0.001126	5.549809E-006	1.612632E-005	-0.0002294	2.633221E-005	2.929312E-005	-0.0001603	-0.0001101	-0.0006981	-1.465192E-005	4.025479E-005	-0.0002391	0.0001095	5.55641E-005	3.418233E-005	0.0003706	0.0001464	1.659826E-005	-3.462053E-005	8.488819E-005	-0.0001124	1.351205E-005	1.552072E-005	-3.8913E-005	0.000133	2.425257E-005	6.372575E-006	0.0001297	0.0001017
	3	10	751816.4	4.388142	0.2743004	1	4.396707	3.576875	1.660926E-005	-6.46038E-005	10	0.0045233	0.0202506	1467.4	0.0019485	0.001953	-0.3988879	0.0922014	-1.682	0.7282137	-0.0004039	0.000659	-0.0004375	0.0033953	0.0001134	0.0001281	0.0002763	0.0006887	-2.03324E-005	1.581811E-005	-4.265086E-005	0.0002102	3.705145E-005	-4.152524E-005	0.0004408	-0.0003673	-3.202458E-005	3.087785E-005	-0.0001075	0.0001671	-1.180911E-005	4.339684E-005	-0.0002341	4.877523E-005	2.620986E-005	5.858892E-006	0.000101	-4.343061E-005	-2.894533E-005	9.203563E-006	-0.0002157	-4.321058E-005	-1.460384E-005	6.062968E-006	-4.617871E-005	9.325286E-005
	4	12	597246.1	4.373978	0.1637312	1	4.377041	2.143754	9.182819E-006	-6.783588E-005	10	0.0045649	0.0202061	1467.431	0.0014558	0.0015128	-0.073231	0.4066225	-0.0413637	1.82838	0.0005242	-0.0001415	0.0019355	-0.0013966	-0.0002464	2.234685E-005	-0.0012779	0.0002102	-1.191138E-005	-1.686433E-005	0.0002146	-8.099481E-005	-3.413601E-005	-2.247142E-005	6.619561E-005	-1.244247E-005	1.581677E-005	3.094086E-006	0.0001977	-0.0001157	3.489922E-005	-1.626404E-005	0.0002116	-0.0001449	-2.74519E-005	1.663028E-005	-4.639105E-005	3.651436E-005	-2.030807E-005	1.864787E-005	-0.0003041	9.334274E-005	7.462222E-007	-9.654091E-006	2.391264E-005	1.440756E-005
	5	14	474433.6	4.374254	0.0489073	1	4.374527	0.6405814	9.344269E-006	-6.84246E-005	10	0.0045851	0.0201986	1467.07	0.001175	0.0012636	0.018174	0.4145975	0.3373448	1.796773	0.0003132	-0.0003621	0.0010583	-0.0019	2.3317E-005	3.90783E-006	-0.0003186	-0.0001747	8.897856E-006	2.551498E-005	0.0001527	0.0003318	-6.8228E-005	2.789451E-005	-0.0001107	0.0002538	5.167909E-006	2.681871E-005	0.0001208	0.000263	6.737653E-006	-1.240103E-005	0.000109	-0.0002303	1.848768E-005	1.949258E-006	-0.0001365	-4.476589E-005	2.197036E-005	5.449634E-006	0.0002911	3.004447E-005	-1.680106E-006	-4.957431E-006	-0.0000956	1.180172E-005
	6	16	376816.4	4.376569	-0.0544326	1	4.376907	-0.7125664	9.435586E-006	-8.126424E-005	10	0.0045821	0.0201436	1466.889	0.0009835	0.0010084	0.1354905	-0.391969	0.3604963	-1.787196	0.000377	-6.722578E-005	0.0014705	-0.0005245	-2.608221E-005	1.601875E-005	-0.0002619	0.0003032	-5.572896E-005	-1.239765E-005	-0.0004997	0.0001372	-5.964389E-005	-1.208158E-005	-0.0004722	-0.0002458	-9.927434E-006	-2.307689E-005	-0.0001136	-0.0001444	-8.051843E-005	2.798671E-005	-0.0002445	-0.0001712	-1.445692E-005	2.624653E-005	3.497861E-005	0.000159	-1.344015E-005	-4.572515E-005	-3.159139E-005	-0.0002201	3.650784E-007	2.76228E-005	0.0001249	0.000126
	7	18	299355.5	4.384527	-0.1589305	1	4.387407	-2.07595	1.644449E-005	-8.379325E-005	10	0.0045571	0.0200491	1466.889	0.0010174	0.000957	0.4071332	-0.0661046	1.737037	-0.5249992	-0.000124	0.0002738	-0.000451	0.0012611	0.0001731	0.0001429	0.0009226	0.0003487	-6.651111E-005	-2.609566E-006	-0.000168	-4.615636E-005	2.891477E-005	0.0001277	6.614067E-005	0.0001384	3.507175E-005	2.12731E-005	-2.276898E-005	4.26108E-005	-0.0001013	2.236944E-005	-0.0001994	0.0002927	6.356742E-006	2.29571E-007	0.0001277	-3.63961E-005	1.642521E-005	-1.744554E-005	0.0001306	-2.290867E-005	3.784429E-006	-2.702698E-005	-0.0001172	-0.0001363
	8	20	237832	4.397923	-0.2758432	1	4.406565	-3.588962	3.491452E-006	-0.0002025	10	0.0045181	0.0199438	1466.799	0.0009861	0.0009467	0.3757939	0.1612556	1.741515	0.474899	-0.0002365	3.815279E-005	-0.0010372	0.000315	-0.0002217	0.0001737	-0.0007553	0.0008484	5.068351E-005	-7.788186E-007	0.0001319	-0.0001827	3.450341E-005	-0.000119	2.68165E-005	-0.0004329	-9.713346E-006	-1.901528E-005	0.0001201	1.282152E-005	-8.280856E-006	7.310923E-005	-7.020869E-005	0.000285	7.728813E-007	1.779106E-005	0.0001267	-5.839394E-007	2.886192E-005	-1.160591E-005	8.127093E-005	-0.0002402	2.926355E-005	-2.572779E-007	0.0001875	-2.454035E-006
	9	22	188847.7	4.41678	-0.3993435	1	4.434797	-5.166354	3.612231E-006	-0.0002345	10	0.0025278	0.0112225	1466.799	0.0022901	0.0022007	-0.0193894	0.2279676	0.0670256	1.013533	0.0001757	-4.329906E-005	0.0006976	-6.262587E-005	0.0003421	0.000335	0.0014119	0.0014712	-4.860341E-008	3.814138E-005	0.0001125	0.0002984	-3.434951E-006	7.656368E-005	-0.0001261	0.0003821	7.607276E-006	3.201887E-006	-0.0001906	-0.0001555	-3.045213E-005	5.114824E-005	-1.386553E-005	0.0001023	3.233785E-006	1.424865E-005	-5.314034E-005	-3.868249E-006	-2.978114E-005	-6.810996E-006	-5.643164E-005	-2.31117E-005	-1.949852E-005	-8.373988E-006	-6.442471E-005	5.391333E-005
	10	23	150058.6	4.436894	-0.5387365	1	4.469481	-6.923077	3.587574E-006	-0.0002399	10	0.0028353	0.012681	1467.522	0.0025439	0.0022846	0.0533991	-0.2510036	0.0465315	-1.146807	0.0001442	4.486755E-005	0.0005856	7.638263E-005	8.937868E-005	-0.0005951	0.000132	-0.0024095	-9.452052E-006	4.918178E-005	-0.0001766	0.0002301	0.0001739	3.929304E-005	0.0005844	8.551477E-006	-4.263701E-005	1.366384E-005	-0.0002033	0.0002593	1.091702E-005	5.490036E-005	0.0001489	0.000198	3.967551E-006	-1.48495E-005	8.324103E-005	-3.758913E-005	-3.67709E-005	8.363451E-006	-0.0001527	8.203328E-005	7.934344E-006	1.076213E-005	0.0002556	6.687659E-005
	11	25	119238.3	4.463605	-0.6991364	1	4.518026	-8.901936	7.852877E-006	-0.000238	10	0.0031711	0.0143331	1466.889	0.0027385	0.0025125	0.2124788	-0.1929459	0.7745759	-1.040665	-4.817593E-005	0.0001473	6.889366E-005	0.0004661	0.0002506	0.0006729	0.0010571	0.0028141	6.123679E-006	-8.923655E-005	0.000182	-0.0004257	-0.0001115	-0.0002121	-0.0002297	-0.0007143	-3.333391E-005	-1.05924E-005	-0.0003058	-0.0000974	1.659757E-005	7.750979E-005	8.435361E-005	0.0003238	2.469809E-005	-2.361043E-005	7.285597E-005	-0.0001733	1.282478E-005	-5.938766E-005	0.0003382	-0.0004127	-2.068561E-005	1.483451E-006	-0.0001388	-0.0001832
	12	26	94746.09	4.495962	-0.8884249	1	4.5829	-11.17793	3.330921E-006	-0.0002476	10	0.0035212	0.0161417	1467.522	0.0028753	0.002625	0.3186883	0.0028915	1.426881	-0.3137905	-0.000126	-0.0001339	-0.0003959	-0.0003822	0.0002358	-0.000825	0.0009007	-0.0034899	-8.812245E-005	2.176966E-007	-0.0003577	-7.568324E-005	-0.000103	-0.0001955	-0.0003397	-0.000988	-3.177994E-005	-2.329936E-005	0.0001332	2.771616E-005	-7.821178E-005	-3.499155E-005	-0.0002656	-0.0001618	-2.372125E-005	3.550737E-005	-0.0001236	0.00012	-3.94378E-005	2.409075E-005	-1.820829E-005	-3.825315E-005	1.540454E-005	7.690163E-006	0.000203	3.424659E-005
	13	28	75292.97	4.533177	-1.097755	1	4.6642	-13.6127	7.404471E-006	-0.0002409	10	0.0038089	0.0177687	1466.98	0.0020713	0.0019128	0.2311992	-0.2557271	0.7330561	-1.431455	-3.351063E-005	0.0001123	0.0002795	-0.0001589	-0.0004997	-0.0004139	-0.0023783	-0.001647	-5.905494E-005	1.281127E-005	-0.0002248	-0.0001181	-0.000194	0.0001391	-0.0006386	0.0005488	5.441287E-005	3.870786E-005	0.0002188	1.242477E-005	1.304457E-005	7.132743E-005	-4.901959E-006	0.0001695	3.209081E-005	-1.234049E-005	0.0001046	-4.299452E-005	5.735119E-005	2.986286E-006	0.0003252	0.0001459	9.956537E-006	-1.356646E-005	-8.345117E-006	1.90346E-005
	14	30	59824.22	4.589494	-1.386587	1	4.79438	-16.81072	7.03988E-006	-0.0002449	10	0.0040747	0.0195379	1466.799	0.000869	0.0008344	0.0676157	-0.3625511	-0.2261647	-1.753849	0.0001857	-3.142865E-006	0.0002169	-0.0008162	-0.0002524	5.280017E-006	-0.0010647	2.286209E-005	-4.841947E-006	1.408299E-005	4.72081E-005	0.0001788	-6.620657E-006	-3.442751E-005	-0.0001154	-0.0002961	9.7187E-006	1.043372E-005	0.0001367	-3.298213E-005	5.854527E-007	3.853801E-005	-6.299874E-006	0.0001417	2.302811E-005	1.508789E-005	-6.138953E-005	0.0001452	6.635702E-006	2.205803E-005	0.0002676	4.84818E-005	-2.925037E-006	7.261522E-006	0.0001445	0.0001877
	15	31	47519.53	4.655622	-1.71821	1	4.962565	-20.25715	2.53938E-006	-0.0002552	10	0.0031706	0.0157355	1467.522	0.00076	0.0008114	-0.1384316	-0.2513751	-1.090588	-0.9159708	3.690668E-005	-0.0001903	-0.0008762	-0.0002151	6.64508E-005	-1.321606E-005	0.0004153	-0.0002652	-5.080831E-006	-2.38542E-005	-1.873518E-005	-0.0002471	5.791214E-005	6.858259E-006	0.0003329	-0.0001553	1.470768E-005	-6.128205E-006	0.0001451	2.688525E-006	1.702527E-005	-8.73278E-006	5.931291E-005	-0.0002013	1.240999E-005	-7.396565E-006	-1.238613E-005	3.707642E-005	-5.000738E-006	-6.034971E-007	-8.317201E-005	6.603415E-005	1.300545E-005	-1.935789E-005	2.864562E-005	-5.943911E-005
	16	33	37792.97	4.738485	-2.122426	1	5.192103	-24.1282	2.305402E-006	-0.0002577	10	0.0028949	0.0150313	1466.889	0.001069	0.000954	-0.2446976	-0.093681	-1.35737	0.0919411	-0.0002162	-0.0001099	-0.0005603	0.0007225	-0.0001015	-5.420624E-005	-0.0007067	-0.0001389	2.469635E-006	-4.735776E-006	-4.107227E-005	4.639849E-006	-2.76001E-005	5.015451E-005	1.505856E-005	0.0003687	-4.906499E-006	2.025114E-005	0.0001457	-7.48355E-005	-2.519792E-005	-9.959565E-006	0.0001626	5.290844E-005	-2.8493E-005	5.974434E-007	5.188771E-005	-0.0002662	4.010508E-006	-2.816715E-005	5.971733E-005	-0.0001622	-1.547742E-005	-8.21543E-006	-0.0001301	0.0001253
	17	34	29941.41	4.844358	-2.626314	1	5.510475	-28.46383	2.248662E-006	-0.0002539	10	0.003906	0.0215244	1467.522	0.0019511	0.0017277	-0.2078639	0.2859631	-0.2373521	1.933649	0.00033	0.0005599	0.0026805	-0.0016483	0.000163	-0.0001032	0.0007004	-0.0006974	1.869863E-006	8.272473E-006	-0.0001341	-6.026473E-005	0.0001166	2.285023E-005	0.0005232	-8.899743E-005	6.259652E-006	-6.427524E-006	8.237548E-005	-0.0001756	4.431E-006	1.460407E-005	1.61184E-005	-1.236564E-005	-3.413531E-006	6.242655E-006	7.305387E-005	0.0002187	-6.058487E-006	1.815299E-005	-0.0000952	-3.50529E-005	-1.059356E-005	-3.270736E-005	-0.0001473	-0.0001528
	18	36	23847.66	4.984543	-3.233971	1	5.941737	-32.9755	7.027378E-006	-0.0002471	10	0.0034524	0.0205137	1466.889	0.0027948	0.0020259	-0.1462475	-0.2761399	-1.628909	-0.8910307	0.0004418	-0.000709	-0.0028248	-0.0019746	6.919913E-005	-0.0001992	8.303858E-005	-0.0012933	3.161316E-006	8.624047E-007	3.562495E-005	0.0002093	-0.0001296	-1.960201E-006	-0.000555	0.0003296	1.816033E-005	-5.58002E-006	0.0001256	0.0001441	2.738641E-005	1.073349E-005	6.302306E-005	-0.0001028	1.432141E-005	2.133811E-005	-6.645174E-005	7.625669E-005	1.762412E-005	4.6473E-007	8.996204E-005	9.460188E-005	-2.072193E-005	2.951827E-005	-0.0001263	0.0001859
	19	37	18925.78	5.179878	-3.991946	1	6.53963	-37.62015	6.807749E-006	-0.0002465	10	0.0030513	0.0199547	1467.522	0.0038566	0.0020178	-0.0828469	0.263454	0.6328632	1.691581	0.0007052	0.0007596	0.0024906	-0.0023486	-0.0001421	-0.0001135	-0.0007893	-0.0005522	-8.931967E-007	-3.649621E-008	0.000121	-3.747038E-005	-0.0001517	-3.629982E-005	-0.0005537	-5.775691E-005	-8.710865E-006	1.56514E-005	-6.971696E-005	0.0002127	-1.580772E-005	-1.060113E-005	-0.0001459	0.0002773	2.706249E-006	-1.827284E-005	-0.0001447	-4.615636E-006	-1.614448E-005	1.636089E-005	-0.0001828	0.0001523	3.409414E-005	3.500609E-006	0.0002469	0.0001459
	20	39	15058.59	5.449405	-4.907755	1	7.333626	-42.00632	6.774149E-006	-0.0002498	10	0.0026767	0.0196301	1467.522	0.0051537	0.0018777	-0.1834613	-0.1582266	-1.776099	0.0467372	0.0004093	-0.0011507	-0.0029238	-0.0008891	-0.0001798	1.112721E-005	-0.0008079	0.0004043	1.357822E-005	-1.855428E-005	0.0001447	-7.90041E-005	0.000179	-1.046626E-005	0.0008355	-0.0001501	7.179333E-006	-1.401408E-006	0.0002937	6.4319E-005	-2.717925E-005	-5.485025E-006	-0.0000998	0.0002203	1.14087E-007	-8.674339E-006	-0.0002048	-0.0001159	3.634533E-005	2.656481E-006	1.572073E-005	2.792757E-005	8.032424E-006	3.107125E-007	-0.0001242	7.536355E-005
	21	40	11863.43	5.849621	-6.069062	1	8.42921	-46.05478	-3.627277E-006	-0.0001543	10	0.002319	0.0195475	1467.612	0.0065646	0.0017962	-0.1192464	0.1727284	0.357363	1.732767	-0.0005632	0.0012135	0.0027331	0.0007246	-0.0001689	-0.0001641	-0.0007511	-0.0007135	3.389119E-006	-2.892715E-005	0.000123	-8.689241E-005	-0.0001924	-0.0001062	-0.0008752	-0.0003006	2.133378E-005	2.638211E-005	-6.043353E-005	0.0001709	-2.862362E-005	-1.105366E-005	-0.0001869	-0.0001005	1.084218E-005	1.691528E-005	-2.665445E-006	-5.224721E-006	-2.814564E-005	-4.062652E-006	-0.0001131	0.000207	1.144209E-005	2.330436E-005	-2.874807E-005	0.0001336
	22	42	9432.87	6.395496	-7.405941	1	9.78521	-49.18733	1.926746E-006	0.0001353	10	0.0020005	0.0195766	1467.612	0.0078228	0.0016253	0.1772517	-0.0369841	0.8562288	-1.551253	-0.0010677	-0.00084	-0.0009744	0.0019633	-0.0003145	3.329432E-005	-0.0012081	0.0005718	2.379355E-006	1.189386E-005	-3.627875E-005	3.313273E-005	-0.0001568	-0.0001807	-0.0010668	-0.0006177	1.30746E-005	2.153276E-006	0.0001455	6.694347E-006	1.573254E-005	-4.259382E-005	1.388602E-005	-0.0003156	2.5355E-005	8.188887E-006	0.0002377	-2.929941E-005	1.051062E-005	-1.467941E-005	-1.29547E-005	-4.062803E-005	3.211215E-006	9.673822E-006	4.719943E-006	-2.350099E-005
	23	43	7558.594	7.128523	-8.919147	1	11.41784	-51.36681	4.358462E-007	6.136707E-005	10	0.0017241	0.0196857	1466.799	0.0088438	0.001527	-0.1560158	0.0030364	-1.082538	1.415177	-0.0003262	-0.0012642	-0.0013817	0.0009581	0.000306	0.0001658	0.0014221	-4.929305E-005	-6.564894E-006	2.033042E-005	-3.890974E-005	8.138362E-005	-8.500881E-006	0.0002695	0.0005322	0.0014526	3.790017E-006	1.077401E-005	0.0000957	-8.587726E-006	-3.726735E-005	1.077069E-005	-0.0001989	0.0001637	-1.108926E-005	4.379096E-005	-1.95466E-005	0.0001612	-3.290736E-005	-1.41518E-005	-0.0001982	-6.815746E-005	-1.232815E-005	-2.115755E-005	2.716668E-005	5.008606E-005
	24	44	5960.648	8.209125	-10.77886	1	13.54893	-52.70729	1.821245E-006	0.0001322	10	0.0014578	0.0197519	1467.431	0.0097685	0.0014292	0.0287926	-0.1287649	-1.153553	-1.365769	-0.0005689	0.0010571	0.0011401	0.0001881	0.0003676	-5.890267E-005	0.0011199	-0.0012041	-1.503708E-006	1.897803E-006	-1.388788E-005	7.237308E-005	-6.556349E-005	-0.0002635	-0.0009842	-0.0011323	1.532817E-005	-1.129881E-005	5.793804E-005	-0.0001247	-4.467381E-005	9.790994E-006	-0.0001982	0.0001894	-3.371854E-005	-1.917628E-005	-7.506927E-005	-5.060761E-005	3.124839E-005	5.197409E-005	0.0002714	0.0002019	-5.929499E-006	1.641794E-005	-1.619943E-005	0.0001256
	25	46	4746.094	9.60884	-12.77172	1	15.9827	-53.04392	3.979303E-007	6.040417E-005	10	0.001239	0.019803	1466.708	0.0103135	0.0013831	0.0216957	0.1100239	1.61457	0.7782783	7.826868E-005	0.0010562	0.0005475	-0.0004334	-0.0001393	0.0003519	0.0008104	0.0015232	3.269641E-006	1.551848E-005	1.628138E-005	8.393265E-005	0.0002049	-0.0001534	0.0004642	-0.0015052	-1.470544E-005	-1.104782E-006	-3.54387E-005	-1.542643E-005	-4.689257E-005	-2.513407E-007	-0.0002101	7.957313E-005	4.145247E-005	-1.360185E-005	0.0002362	-0.000133	3.907044E-005	3.343483E-005	0.0002041	0.0001123	-7.689931E-006	-6.55104E-006	-8.889848E-005	-7.30455E-005
	26	47	3761.574	11.47225	-14.96217	1	18.85415	-52.52079	1.942433E-006	0.0001355	10	0.0010556	0.0199021	1467.431	0.0107922	0.0012954	-0.0927731	0.0228251	-0.7213158	1.650605	7.794029E-005	-0.0009258	-0.0002376	0.0002042	0.0003154	0.0001819	0.0014144	-0.0008611	-2.848799E-006	-1.074965E-005	-4.989841E-005	4.250184E-005	0.0001412	0.0002042	0.0014506	0.0004282	1.431536E-005	-1.310924E-005	7.195491E-005	-0.0001081	-4.266623E-007	3.368454E-005	0.0002101	0.0001377	3.047101E-005	1.895893E-005	0.0002234	-1.332187E-005	-1.129729E-005	4.532124E-005	4.441384E-005	0.0003698	1.593912E-005	2.061343E-005	0.000164	0.0001295
	27	49	2993.223	13.77252	-17.17967	1	22.0187	-51.2817	2.020166E-006	0.0001346	10	0.0009045	0.0199161	1467.396	0.0108499	0.0013258	-0.0218124	0.078907	1.05624	1.460725	-0.0007646	0.0001692	0.0001792	-4.313259E-005	-0.0002437	-0.0002495	-0.0015331	0.0006374	5.195092E-006	-4.072791E-007	1.355936E-005	-0.0001018	-0.0001123	0.0001826	0.0004102	0.001562	9.175099E-006	-4.760384E-006	-6.721123E-005	-6.768338E-005	4.194916E-005	2.584909E-005	0.0004111	9.360898E-005	5.254289E-006	-5.069236E-005	-0.0001463	-0.0002213	3.699448E-005	-2.719084E-005	4.169255E-005	-0.0001928	-2.820528E-005	3.187277E-006	-7.222326E-005	2.090167E-005
	28	50	2372.685	16.591	-19.41081	1	25.53509	-49.47849	2.07866E-006	0.0001336	10	0.0007802	0.0199217	1467.251	0.0107479	0.0012826	0.033713	0.0620451	1.763896	0.3739892	-4.830719E-005	0.0006537	-0.0001552	-0.0001594	-0.0001223	0.0002997	0.0013112	0.0007665	6.326809E-006	-4.292816E-007	6.969657E-005	2.201414E-005	2.852472E-005	-0.0001877	-0.0010489	-0.0012436	-4.685485E-006	3.279012E-006	8.630101E-005	6.937259E-005	-1.425773E-005	3.512623E-005	-3.05154E-005	0.0003062	6.499467E-007	-3.095839E-005	-0.0001619	-0.000198	-1.936773E-006	-4.915053E-005	-0.0001786	-0.0003305	-2.206213E-005	9.082374E-006	-3.471157E-006	0.0001621
	29	51	1886.433	19.81113	-21.48985	1	29.22831	-47.32756	-3.208997E-006	5.075207E-005	10	0.0006836	0.0199802	1467.431	0.0107164	0.0012239	0.0565175	-0.0251766	0.5778573	-1.713594	0.0002501	-0.0005099	0.0001502	6.665546E-005	-0.0001527	-0.0002585	-0.0011378	0.0010561	-1.072398E-005	1.308128E-005	-2.418831E-005	-3.405149E-005	-0.0001083	-0.0000995	-0.0014736	0.0002233	7.637107E-006	-2.92437E-005	-2.586469E-005	-0.0001736	-1.28406E-005	-2.762399E-005	-0.0002699	-0.0001144	2.553218E-005	-2.879693E-006	0.0001005	-7.812959E-005	-2.635716E-006	-4.369505E-005	-0.0002784	-0.0001687	2.381249E-005	2.051937E-006	4.181638E-006	9.591691E-006
	30	53	1506.696	23.31407	-23.36483	1	33.00698	-45.06231	-3.074697E-006	5.256089E-005	10	0.0006046	0.0199558	1466.889	0.0105784	0.0012498	0.0440713	-0.0324371	0.2691002	-1.786033	0.0001323	-0.0004522	0.0003024	-5.887822E-006	-0.000249	-0.0001744	-0.000597	0.0014421	5.103255E-006	3.411871E-006	5.410518E-005	-3.343077E-005	-0.0001297	1.393096E-005	-0.0007645	0.0013121	-1.980279E-006	1.586968E-005	-4.805905E-005	7.071346E-005	-3.872856E-005	-9.458553E-006	-0.0002395	9.180699E-005	-4.742965E-006	-1.087919E-005	-0.000158	-6.67926E-005	-3.152955E-005	4.313915E-007	-0.0001798	0.0002961	-3.580849E-006	-2.433859E-005	-3.664383E-005	-0.0001854
	31	54	1185.994	27.29832	-25.14634	1	37.11518	-42.65028	-2.232582E-008	0.0001301	9	0.0005422	0.0201246	1467.522	0.0107844	0.0014353	0.0310579	0.0379982	1.803368	0.2561394	-0.0001779	0.0003661	-3.087428E-005	2.905726E-006	-0.0002195	0.00022	0.0016774	0.0006605	-2.989022E-006	2.655783E-006	1.650583E-005	-0.0001293	-3.62362E-005	-0.0001138	-0.0016547	-0.0006029	-1.561537E-006	1.098117E-005	0.0000959	2.282544E-005	1.031929E-005	1.852954E-005	0.0003185	0.000119	-1.277414E-005	-3.555342E-005	-0.0004493	-0.000133	-1.406943E-005	-3.327564E-005	-0.0002954	-7.137471E-005	8.108706E-006	1.416134E-005	0.0001657	3.121607E-005
	32	56	948.6607	31.17431	-26.64241	1	41.008	-40.51809	-1.124759E-006	5.451145E-005	9	0.0004864	0.0199478	1467.341	0.0106727	0.0013665	0.0314363	0.0308245	1.801254	0.1232712	-0.0001456	0.0003148	-6.127871E-005	4.336424E-005	-0.0001996	0.0002205	0.0016524	-8.448959E-006	1.126766E-005	-2.641027E-007	0.0001357	-0.0001497	-6.003737E-005	-7.878193E-005	-0.001724	6.364658E-005	1.871784E-006	3.409805E-007	0.0001185	4.362315E-005	2.203946E-005	2.347282E-005	0.0003402	-0.0001071	-1.048879E-005	-7.365889E-006	-0.0002087	-2.892222E-005	-1.782077E-005	-1.757202E-005	-0.0003547	-4.633703E-005	2.967979E-006	1.674076E-005	0.0001343	6.811693E-006
	33	57	752.3148	35.25285	-28.13511	1	45.10374	-38.59318	1.400595E-007	0.0001309	9	0.0004429	0.0199742	1467.431	0.0106486	0.0012576	0.0399981	-0.0025957	1.33695	-1.216933	0.0002468	0.0001632	-3.822289E-005	0.0002185	0.0002941	2.107158E-005	-0.0010728	-0.0012138	-4.376024E-006	-3.148365E-006	0.0001922	-0.0001031	7.510255E-005	-3.344473E-006	0.0007566	-0.0012585	-4.598668E-006	9.45176E-007	3.637094E-005	2.516271E-005	2.069263E-005	1.569468E-005	0.0002737	0.0001104	-1.186089E-005	-9.503042E-006	-0.000146	-3.859867E-006	-3.039622E-005	1.356969E-005	-0.0002171	0.0002949	-1.994224E-006	-2.370987E-006	-0.0002146	-3.641565E-005
	34	58	599.564	39.32684	-29.59168	1	49.21654	-36.95982	-9.966675E-007	5.755013E-005	9	0.0004053	0.0199469	1467.431	0.0112552	0.0011768	0.0029405	-0.0365645	-0.966432	-1.524939	-0.0001279	-0.0002354	7.639918E-005	-0.0004036	-0.0002094	0.0002236	0.0012719	-0.0003755	-3.156354E-006	-1.461653E-006	3.704429E-005	2.469122E-005	3.830685E-005	-4.029215E-005	-0.0003761	-0.0014258	5.479698E-006	-6.976588E-006	-7.441268E-006	-0.0001015	-4.375689E-006	-6.352334E-006	-0.0002557	0.0001277	-2.687877E-006	-8.669756E-006	-0.0002591	2.845377E-005	-1.041897E-005	3.357467E-005	4.266924E-005	0.0004954	-1.631197E-005	6.176255E-006	-4.819595E-005	2.705306E-005
	35	60	474.0168	43.56921	-31.22288	1	53.60172	-35.62641	-2.972583E-007	9.137765E-005	9	0.0003729	0.0199898	1466.708	0.0117345	0.0011801	0.0255712	0.0220303	1.801868	0.1635322	-0.0002046	0.0001328	-0.0004143	7.707067E-005	-0.0002931	8.692473E-005	0.0013933	-2.296828E-005	5.515452E-006	1.871085E-006	5.986961E-005	-5.297178E-005	-4.600051E-005	-3.43673E-005	-0.0014422	0.000322	6.054761E-006	9.161595E-007	4.768372E-006	-0.0001284	8.375384E-006	3.520227E-006	0.0002464	-0.0001134	-9.153097E-006	-4.546936E-006	-0.0002179	0.0001434	-1.327566E-005	-6.04897E-006	-0.0002589	0.0001134	1.076989E-005	6.290094E-006	8.332869E-005	-6.475301E-005
	36	61	377.1552	47.77249	-33.00928	1	58.0674	-34.64325	-3.140706E-007	9.19876E-005	9	0.0003439	0.0199709	1467.341	0.0125569	0.0011506	0.0277535	0.0140952	1.791405	-0.2411145	-0.0001445	0.0001732	-0.000328	0.0002802	-0.0002099	0.0002346	0.0009009	-0.0009737	1.467102E-006	-5.063456E-006	-6.89407E-005	-4.029834E-005	-3.305018E-005	3.26416E-005	0.0001086	0.0014609	-2.59433E-006	-4.334755E-006	-0.0001749	-2.061576E-005	4.452129E-006	-9.898883E-006	-7.45766E-005	-0.0001853	4.034111E-006	1.322332E-005	0.0001379	0.0001453	4.69989E-006	1.459884E-005	0.000289	0.0001065	-3.793278E-006	-2.238623E-006	-0.0000961	0.000108
	37	63	298.2954	52.20447	-35.15952	1	62.94044	-33.96012	-3.849868E-007	3.123982E-005	9	0.0003175	0.0199844	1467.341	0.0135875	0.001133	-0.0259907	0.0122606	-0.926907	1.553232	0.0001743	0.0001226	0.0003746	0.0002137	-0.0003096	0.0000964	0.0011312	-0.000677	3.13732E-006	5.338254E-006	3.759656E-005	6.502122E-005	2.828077E-005	2.476526E-005	0.0014255	-0.0001277	2.183326E-006	-3.284281E-006	2.953177E-005	-8.280576E-005	3.010573E-006	1.114994E-005	0.0002387	4.778127E-005	1.232338E-005	-3.683462E-006	0.0002059	-0.0001636	-4.330127E-006	9.407266E-006	0.0002041	0.000203	5.302863E-006	-2.400339E-007	5.001854E-005	-1.849665E-005
	38	64	236.7424	56.75411	-37.63958	1	68.10115	-33.55251	-2.927661E-007	9.056418E-005	9	0.0002935	0.0199879	1466.708	0.0146135	0.0011729	0.0178493	0.0196744	1.753317	0.4457819	-0.0001965	-3.201513E-005	-0.000401	4.751887E-005	-0.0002861	-0.0001656	0.0013508	-8.401089E-005	5.967566E-006	3.789435E-006	-1.199544E-005	-0.0001567	-3.240104E-005	-1.607233E-005	-0.0014457	0.0004911	5.888105E-006	2.042332E-006	3.5926E-005	-5.542302E-005	1.092158E-005	5.898357E-006	0.0002024	-5.398133E-005	-3.64236E-006	-2.382061E-006	-0.0001079	0.0001782	-1.274805E-005	-5.690673E-006	-0.0002105	0.0001162	-6.599004E-007	2.56201E-006	4.741549E-005	-5.036593E-006
	39	65	189.0121	61.42422	-40.47341	1	73.55972	-33.38153	-4.824967E-007	2.915128E-005	9	0.0002711	0.0199446	1467.341	0.0158723	0.0011568	0.0147102	0.0196424	1.698291	0.6119358	-0.0001769	-8.379148E-005	-0.000379	-3.15886E-005	-0.0002087	-0.0002618	0.0014082	4.598498E-005	-4.897157E-007	9.259398E-006	-2.162066E-005	-4.728885E-005	-2.726458E-005	-1.797508E-005	-0.0014144	0.0001475	-1.195231E-006	-1.47504E-006	2.44705E-005	1.168251E-005	4.48323E-006	4.834117E-006	0.0001722	-5.258435E-005	-3.310947E-006	-3.390743E-006	-0.0002444	3.034994E-005	-6.763658E-006	-3.308248E-006	-0.0003103	8.257478E-005	5.376351E-006	8.552015E-007	8.13324E-005	-4.799851E-005
	40	67	149.6011	66.58916	-43.91858	1	79.76816	-33.40667	-2.484431E-007	3.40866E-005	9	0.0002497	0.0199151	1467.251	0.0172654	0.0011435	-0.0102251	0.0201509	0.2034644	1.79099	0.0001749	-6.888736E-005	0.0002131	-0.0003033	0.000132	0.0003135	-0.001337	-1.222314E-005	3.403024E-006	-1.069675E-006	-7.973799E-005	-0.0001324	-1.979834E-005	2.399302E-005	-0.0002063	0.0014315	1.734559E-006	2.105342E-006	0.0000976	-3.077695E-005	-5.743315E-007	1.214421E-005	0.000236	0.0001454	4.07E-006	-4.490489E-006	-2.215244E-005	-0.0002879	1.829467E-006	2.627443E-006	0.0000979	-0.0001553	2.078725E-006	-2.481829E-007	4.686735E-005	-2.425769E-005
	41	68	119.1737	71.99361	-47.80217	1	86.41833	-33.58329	-5.855436E-007	3.132175E-005	9	0.0002291	0.019801	1467.341	0.0186956	0.0011898	-0.0050724	-0.0201084	-1.326061	-1.205598	-3.047475E-005	-0.0001719	-0.000315	-0.0002666	-0.0002126	0.000271	-0.001272	-0.0006254	-6.968215E-006	3.02813E-006	4.675053E-005	5.492941E-006	7.111827E-006	2.876639E-005	0.0011377	0.0008543	1.242748E-006	-1.759567E-006	7.010065E-005	-1.632981E-005	-4.689501E-007	-1.047366E-005	-0.000159	-0.0003663	3.647023E-006	-3.208058E-006	-0.000107	-0.0001101	1.695182E-006	1.177237E-005	0.000259	0.0002751	4.970871E-006	2.937435E-006	3.630039E-005	9.0966E-005
	42	69	94.69697	90.67327	-47.22383	1	102.2337	-27.51109	-2.592581E-006	8.957789E-005	9	0.0001969	0.020129	1467.251	0.0222201	0.0002149	0.0041156	-0.0079029	0.0001809	-0.9109368	8.411709E-005	2.66805E-005	4.510209E-005	-1.127843E-005	8.662668E-006	-0.0001768	-2.421881E-005	-4.456298E-005	5.018301E-007	3.017445E-006	-2.945075E-006	-2.06877E-005	-2.978435E-006	6.144328E-007	-7.769699E-005	6.06348E-005	7.341514E-007	-8.564385E-007	-9.64827E-006	-7.669792E-005	5.901238E-007	9.105061E-007	1.812074E-005	-1.762272E-005	-4.946888E-006	4.835179E-006	-1.234212E-005	7.319625E-005	-2.013388E-006	2.280001E-006	-2.034358E-005	8.650916E-005	1.273558E-006	4.112444E-007	-5.164906E-005	-2.738554E-005
	43	71	75	98.3374	-52.69944	1	111.5682	-28.18706	-2.502779E-006	8.627334E-005	9	0.0001792	0.0199981	1466.799	0.0230699	0.0001801	0.0038317	-0.0071497	0.0001851	-0.9050106	8.011496E-005	2.741158E-005	3.013806E-005	-3.865438E-005	1.487164E-005	-0.0001658	2.069864E-005	-6.425428E-006	6.069822E-007	7.424285E-006	3.935816E-005	2.226641E-005	-4.077535E-006	1.521519E-006	-6.170036E-005	6.370537E-005	-2.223154E-006	1.740489E-006	-5.301578E-005	-4.209148E-005	1.292137E-007	4.29518E-006	3.299746E-005	-7.282594E-006	-1.628621E-006	1.237575E-006	1.72921E-005	-3.621705E-005	-3.134657E-006	-1.398657E-007	-8.922421E-006	7.601664E-005	-5.44058E-006	3.054207E-006	-2.112647E-005	-1.140591E-005
	44	72	54.50581	105.524	-62.54407	1	122.6665	-30.65521	-2.049441E-006	3.011121E-005	9	0.000163	0.0200003	1467.251	0.0249707	0.000136	0.0075226	-0.0126959	1.798617E-006	-1.810217	0.0001459	6.002062E-005	2.394745E-005	-7.149625E-005	5.001992E-005	-0.0003288	2.211658E-006	3.723017E-005	9.260853E-006	8.452007E-006	-8.25642E-005	8.218916E-005	-2.242246E-006	-3.600832E-006	1.123233E-005	0.0001001	-5.800402E-006	8.170839E-006	-6.621472E-005	4.891143E-005	1.923923E-006	3.827485E-006	3.306696E-005	-4.021309E-005	3.639332E-006	1.441131E-006	9.372213E-005	1.397275E-005	-1.743036E-006	9.953583E-007	-1.622492E-005	-4.335383E-005	2.477049E-006	3.473735E-006	6.668828E-005	6.914529E-005
	45	74	45.95588	100.8674	-71.82224	1	123.8252	-35.45262	-1.969117E-006	2.549349E-005	9	0.0001615	0.0199982	1466.889	0.0247245	0.0001799	0.0078609	-0.0123236	-0.0914907	-1.807714	0.0001441	2.906011E-005	0.0001055	9.207273E-005	5.946124E-006	-0.0003299	4.781317E-005	0.0001003	5.37889E-006	5.361517E-006	2.368703E-005	2.268213E-005	-3.754526E-006	-8.787248E-007	-1.745369E-005	0.0001969	-1.851222E-007	3.856123E-006	6.930879E-005	-6.598398E-005	-9.680954E-007	2.482862E-006	-8.897158E-006	-1.358072E-005	-1.128065E-007	2.454828E-006	1.28292E-005	-8.226723E-005	-8.100106E-007	3.864287E-006	5.152146E-005	0.0000978	-1.250162E-006	2.613066E-006	-6.600144E-005	3.094901E-005
	46	75	37.5	108.8395	-78.78846	1	134.3639	-35.90061	-1.781847E-006	2.275933E-005	9	0.0001488	0.0199996	1467.431	0.0260239	0.0001287	0.0074903	-0.0111976	-0.0664219	-1.808941	0.0001352	3.7438E-005	3.036088E-005	4.426726E-005	3.346319E-005	-0.0003194	-1.47135E-005	-1.233921E-005	5.182657E-006	5.087248E-006	-2.006698E-005	-1.553822E-005	-2.582565E-006	-2.610605E-006	9.429082E-005	4.577707E-005	-1.139313E-006	2.9031E-006	-4.836359E-005	-8.988486E-006	-2.734887E-007	2.175857E-006	-1.919735E-005	-9.29428E-005	-7.933123E-007	2.458299E-006	2.790149E-005	5.195249E-005	-1.131877E-006	2.888864E-006	-1.864974E-005	0.0001242	-8.577773E-007	2.223867E-006	-3.350038E-005	8.701673E-005
	47	77	30.04808	118.5908	-87.30225	1	147.2599	-36.35915	-1.900238E-006	2.555522E-005	9	0.0001358	0.02	1466.889	0.0272902	0.0000991	0.0070405	-0.0100764	-0.0442805	-1.809652	0.0001261	4.655555E-005	4.93587E-005	-3.425838E-005	5.684465E-005	-0.0003018	8.051051E-006	2.034244E-005	5.334106E-006	6.214708E-006	7.153396E-005	6.82518E-005	-2.201297E-006	-1.968105E-006	6.59707E-005	3.510783E-005	-6.830524E-007	3.740344E-006	7.820548E-006	-1.574692E-005	-5.267212E-007	3.371424E-006	2.748822E-005	6.126764E-006	-5.264957E-007	2.96516E-006	6.634288E-005	-1.360622E-005	-4.461473E-007	2.306304E-006	-1.541164E-005	-1.084159E-005	-1.100525E-006	2.262892E-006	7.164769E-005	3.932137E-005
	48	78	23.91582	128.704	-97.5385	1	161.4883	-37.1567	-1.708637E-006	2.577319E-005	9	0.0001238	0.019999	1467.431	0.0285337	7.404617E-005	0.0066381	-0.0090318	-0.026229	-1.809914	0.0001163	4.996072E-005	3.230176E-006	-1.899855E-005	7.491193E-005	-0.0002838	2.749206E-005	-4.006478E-005	5.101072E-006	6.250428E-006	7.35838E-006	-3.578803E-005	-9.657452E-007	-3.290937E-006	8.036266E-006	-3.412783E-005	-5.660259E-007	3.595615E-006	-6.095449E-005	1.32795E-005	-2.63397E-007	2.470981E-006	-2.035266E-005	2.447673E-005	-4.254835E-007	2.728579E-006	-3.841823E-006	-4.411443E-006	-8.225107E-007	3.045752E-006	3.651448E-005	-4.062605E-006	-8.881762E-007	1.844648E-006	-4.65368E-005	6.490719E-005
	49	80	18.8253	141.1568	-109.4406	1	178.6127	-37.78685	-1.525911E-006	2.261776E-005	9	0.000112	0.0199992	1466.889	0.0297703	8.377832E-005	0.0061583	-0.0080486	-0.011266	-1.810086	0.0001063	5.219497E-005	2.196757E-005	-6.954449E-006	8.84886E-005	-0.0002628	-4.243654E-005	4.029092E-005	5.060821E-006	6.077247E-006	6.78309E-005	-1.956499E-005	-3.110545E-007	-3.255594E-006	9.882031E-006	-3.381168E-005	-3.088062E-007	3.11562E-006	-5.114673E-005	1.856542E-005	-5.995899E-007	2.681627E-006	4.201522E-005	-1.24122E-006	-3.2525E-007	2.473589E-006	-1.809944E-005	1.893996E-005	-1.250519E-007	1.92476E-006	5.444337E-005	8.153147E-007	-7.373747E-007	1.688612E-006	-2.782524E-005	6.053719E-005
	50	81	15.02404	154.4438	-122.043	1	196.8436	-38.31612	-1.393873E-006	2.556176E-005	9	0.0001016	0.02	1467.431	0.0310113	6.830117E-005	0.0057008	-0.0072159	4.128891E-005	-1.810193	0.0000975	5.31564E-005	2.62548E-005	4.26569E-006	0.0000979	-0.0002436	2.219458E-005	-1.712002E-005	4.956048E-006	5.742884E-006	1.82233E-005	-4.703567E-005	4.775284E-007	-3.477283E-006	1.866685E-005	-1.643083E-005	-4.702452E-007	2.747056E-006	1.595123E-006	2.837475E-005	-8.031931E-007	2.632978E-006	-1.50397E-006	5.90136E-005	-3.173992E-007	2.078192E-006	3.004866E-005	2.198783E-005	-2.696616E-007	1.833701E-006	-2.108468E-005	-2.388231E-005	-7.101699E-007	1.45266E-006	-5.883096E-005	2.18043E-005
	51	83	11.95791	169.2187	-136.2715	1	217.2668	-38.84443	-9.084673E-007	2.641296E-005	9	9.205335E-005	0.0200002	1466.98	0.0322936	5.675557E-005	0.0052576	-0.0064634	0.0090963	-1.810186	8.893773E-005	4.91014E-005	4.869548E-005	1.651705E-005	0.0001037	-0.0002264	3.658154E-005	-3.231393E-005	4.791298E-006	3.832874E-006	1.116633E-005	8.722011E-006	1.090477E-006	-5.102032E-006	1.281838E-005	-1.342036E-005	-1.015797E-007	1.262073E-006	-1.928327E-005	-4.30795E-007	-4.506947E-007	1.218303E-006	1.928222E-005	3.64235E-005	-7.186464E-008	1.125427E-006	3.777724E-005	9.651965E-006	-3.087407E-007	9.711039E-007	1.906126E-005	-1.917838E-005	-3.610113E-007	7.049312E-007	-2.426922E-005	-8.533826E-006
	52	85	9.52744	185.7197	-152.3521	1	240.2144	-39.36317	-8.162726E-007	2.800092E-005	9	8.325856E-005	0.0199999	1466.799	0.0333173	4.597869E-005	0.004831	-0.0057835	0.0162278	-1.810114	8.091718E-005	4.854448E-005	3.929879E-005	6.99854E-006	0.000106	-0.000207	1.031824E-005	2.166355E-005	4.526875E-006	3.764975E-006	8.029398E-006	2.199455E-005	1.475542E-006	-4.890289E-006	-3.407477E-006	3.464113E-006	-6.874326E-008	1.272267E-006	3.792869E-005	-3.269845E-006	-1.725785E-007	1.042807E-006	9.175274E-006	3.894442E-006	-2.104353E-007	9.684591E-007	1.175713E-005	3.001365E-005	5.074253E-008	6.151531E-007	-1.372991E-005	-3.587295E-005	-4.135874E-007	5.801521E-007	-1.095142E-005	-1.803332E-006
	53	87	7.524077	205.0132	-171.1302	1	267.0505	-39.85268	-7.089798E-007	2.512093E-005	9	7.489345E-005	0.0200003	1466.889	0.0343415	3.649012E-005	0.0044069	-0.0051506	0.0221751	-1.810089	7.295283E-005	4.708327E-005	3.022759E-005	3.366862E-006	0.0001062	-0.0001879	-4.506555E-006	-6.363554E-007	4.080117E-006	3.630931E-006	2.395385E-005	9.191572E-007	1.706394E-006	-4.414379E-006	2.247968E-005	9.232899E-006	-1.532462E-007	1.177266E-006	1.01584E-006	-9.520533E-006	-1.521694E-007	7.869494E-007	5.247188E-006	-4.051196E-006	-7.015479E-008	9.364867E-007	3.673503E-005	3.038469E-006	-4.383474E-007	9.273444E-007	-1.202134E-005	9.558542E-006	-4.096038E-007	4.826907E-007	-1.072831E-005	2.017539E-005
	54	90	5.98659	225.9233	-191.5902	1	296.2231	-40.29902	-6.392237E-007	2.468805E-005	9	6.751716E-005	0.0200002	1466.799	0.0352256	3.54888E-005	0.0040206	-0.004602	0.0267281	-1.81001	6.586556E-005	4.503728E-005	2.979481E-005	-4.605544E-006	0.0001045	-0.0001703	4.238565E-006	2.396175E-005	3.848541E-006	3.517964E-006	3.291952E-005	1.136834E-005	2.02384E-006	-4.276688E-006	1.056708E-005	5.955968E-006	-3.312381E-008	9.774976E-007	-7.513679E-006	1.491909E-005	-8.787539E-008	6.89919E-007	-1.285755E-005	1.852284E-006	-5.472613E-008	8.140323E-007	1.966453E-005	-8.469245E-006	-2.186789E-008	5.001602E-007	6.27141E-006	-3.974828E-006	-2.906345E-007	3.179721E-007	-1.27086E-005	-1.196077E-005
	55	92	4.76372	249.3335	-214.5487	1	328.9352	-40.71162	-6.016861E-007	2.733272E-005	9	6.080107E-005	0.0199996	1466.889	0.0361022	2.604491E-005	0.0036586	-0.0041108	0.0303257	-1.809905	5.941472E-005	4.293112E-005	1.5862E-005	8.474344E-006	0.0001015	-0.0001541	-1.68744E-006	-6.018368E-006	3.551733E-006	3.386539E-006	3.723835E-006	6.354501E-006	2.197518E-006	-4.085525E-006	-6.210176E-007	-1.835794E-005	1.223816E-008	8.61628E-007	-1.042214E-005	-7.388154E-006	-1.083827E-007	5.784968E-007	7.191557E-006	-1.713168E-006	-9.575525E-008	6.996124E-007	1.842692E-005	-4.065166E-006	-8.325879E-008	5.915736E-007	-1.065747E-005	-1.152395E-006	-1.743756E-007	4.300018E-007	-2.50797E-005	-1.227687E-005
	56	95	3.76506	276.2099	-241.0695	1	366.6148	-41.1137	-3.938266E-007	2.507258E-005	8	5.454443E-005	0.0199968	1466.799	0.0368646	4.583483E-005	0.0033133	-0.0036598	0.0329503	-1.809604	5.345798E-005	4.039874E-005	2.029364E-005	-1.485221E-005	0.0000969	-0.0001386	-1.864525E-005	3.463117E-005	3.231704E-006	3.147649E-006	1.911481E-005	2.758139E-005	2.154338E-006	-3.607397E-006	-1.62471E-005	4.329465E-005	-4.730829E-008	7.128701E-007	-4.589209E-006	-1.097177E-005	-7.35272E-008	4.627655E-007	9.859505E-006	-1.572023E-005	-9.311044E-008	6.133378E-007	1.236639E-005	6.633316E-006	-1.566732E-007	4.678695E-007	-1.26976E-005	9.048963E-007	-1.818917E-007	3.4597E-007	-1.99388E-005	-1.398585E-005
	57	99	3.008665	305.1089	-269.45	1	407.0562	-41.4486	-3.463657E-007	2.623959E-005	8	4.913438E-005	0.0200005	1466.889	0.0376023	3.7614E-005	0.003008	-0.0032755	0.0352358	-1.809892	4.81132E-005	3.784903E-005	1.025578E-005	8.502459E-006	9.231747E-005	-0.0001251	-2.748746E-005	6.614362E-006	2.952507E-006	2.992225E-006	1.830887E-005	6.925024E-006	2.271285E-006	-3.41883E-006	7.312105E-006	-3.557173E-006	-1.525041E-008	6.725832E-007	-1.196982E-006	-1.655804E-006	-2.164488E-007	5.952043E-007	-8.294651E-006	3.986497E-005	-8.906865E-008	5.353413E-007	1.777191E-005	1.049804E-005	-7.618656E-008	4.231297E-007	-4.462142E-006	-2.759331E-005	-1.861627E-007	3.165915E-007	-1.504226E-005	-1.069502E-005
	58	103	2.38186	338.8261	-302.5904	1	454.2731	-41.76661	-2.999716E-007	2.590532E-005	8	4.40275E-005	0.0200005	1466.799	0.038267	3.597222E-005	0.0027146	-0.0029172	0.0371006	-1.809859	4.312919E-005	3.516293E-005	7.370953E-006	1.11495E-005	8.690748E-005	-0.0001121	-1.612725E-005	2.836911E-005	2.655106E-006	2.791106E-006	1.400767E-006	3.660913E-006	2.282763E-006	-3.143581E-006	-1.203735E-007	1.883095E-005	-2.065644E-008	6.291157E-007	-5.307841E-006	-7.45617E-006	-1.749795E-007	5.045376E-007	-1.004699E-005	3.862783E-005	-7.493146E-008	4.673457E-007	3.813766E-006	1.668758E-005	-8.176722E-008	3.941695E-007	1.153926E-005	4.811358E-006	-1.824628E-007	2.584584E-007	-2.234621E-005	-1.174311E-006
	59	107	1.890121	376.3048	-339.4006	1	506.7525	-42.04824	-2.573302E-007	2.64053E-005	8	3.946721E-005	0.0200001	1467.251	0.0388954	3.643221E-005	0.0024484	-0.0026011	0.038581	-1.809792	3.862454E-005	3.248002E-005	2.440682E-005	1.781722E-006	8.134826E-005	-0.0001006	-1.567538E-005	-1.065734E-005	2.430788E-006	2.590153E-006	1.507293E-005	-3.329625E-006	2.228186E-006	-2.866714E-006	-9.802288E-006	1.963043E-005	-1.002991E-008	5.459979E-007	-1.316756E-005	5.573223E-006	-1.584267E-007	3.938212E-007	-2.571673E-006	3.47977E-005	-2.198431E-008	4.052208E-007	2.237246E-005	-4.431641E-006	-7.583004E-008	3.643909E-007	-7.280091E-006	-1.011911E-006	-1.322878E-007	2.244906E-007	-2.409023E-005	-9.747369E-006
	60	113	1.502404	418.0346	-380.3582	1	565.1772	-42.2982	-2.218858E-007	2.572338E-005	8	3.538778E-005	0.0200004	1466.799	0.0394306	3.874233E-005	0.002207	-0.0023212	0.039775	-1.80979	3.462217E-005	2.988686E-005	1.016579E-005	1.825952E-006	7.565095E-005	-9.007041E-005	-2.489542E-006	1.033724E-005	2.188397E-006	2.381271E-006	2.896099E-005	-3.718219E-006	2.149714E-006	-2.579776E-006	1.573935E-006	3.370052E-005	7.079507E-009	4.832336E-007	-1.115311E-005	7.567913E-006	-1.063854E-007	3.55275E-007	5.144393E-006	3.108438E-005	-4.122559E-008	3.796886E-007	1.930393E-005	-2.80299E-007	-1.029585E-007	3.278101E-007	6.982649E-006	4.298403E-006	-1.517565E-007	2.005309E-007	-3.288955E-005	3.46551E-006
	61	120	1.195791	464.5449	-425.9707	1	630.2801	-42.51969	-1.90662E-007	2.605586E-005	8	3.173233E-005	0.0200003	1466.799	0.0399294	3.266827E-005	0.0019881	-0.0020727	0.0406897	-1.809759	3.105063E-005	2.746342E-005	7.004826E-006	-3.201219E-006	7.003818E-005	-8.06773E-005	-1.653028E-005	1.641952E-005	1.980234E-006	2.182513E-006	1.65719E-005	8.254297E-006	2.073995E-006	-2.373426E-006	-2.757763E-006	3.40368E-005	8.591087E-009	3.966497E-007	-8.60612E-006	-4.001458E-006	-5.573203E-008	2.888382E-007	2.471672E-006	2.405711E-005	-3.268179E-008	2.964935E-007	1.223391E-005	-4.484727E-006	-9.46493E-008	2.936604E-007	2.874876E-007	5.883106E-006	-1.029876E-007	1.452972E-007	-2.250943E-005	-1.605367E-007
	62	128	0.9486946	517.562	-478.1725	1	704.6413	-42.73466	-2.324039E-007	2.47354E-005	8	2.838346E-005	0.0200002	1466.799	0.0403185	3.495667E-005	0.001786	-0.0018465	0.0414363	-1.809734	2.768442E-005	2.588479E-005	2.033118E-005	-1.045063E-005	6.441624E-005	-7.15932E-005	-3.892114E-006	8.977535E-006	1.733415E-006	2.38329E-006	2.433627E-005	-6.475123E-006	1.903585E-006	-1.848957E-006	-8.041098E-006	3.314698E-005	-3.660535E-008	6.058362E-007	-1.53291E-005	-1.225973E-005	-9.398537E-008	4.429176E-007	1.41823E-006	7.631592E-006	-7.985001E-008	4.484009E-007	1.956039E-005	4.616188E-006	-1.086319E-007	3.810737E-007	-4.985662E-006	4.861387E-006	-1.527715E-007	2.777888E-007	-2.602738E-005	3.600464E-006
	63	134	0.7515633	577.3188	-536.6226	1	788.201	-42.90771	-2.02547E-007	2.458691E-005	8	2.537505E-005	0.0200006	1466.799	0.0407435	3.259951E-005	0.0016023	-0.0016454	0.0420633	-1.809763	2.4761E-005	2.35007E-005	2.457085E-005	-1.544583E-005	5.907296E-005	-6.39328E-005	-3.667957E-006	2.489614E-007	1.534783E-006	2.160181E-006	2.354616E-005	6.038754E-006	1.824907E-006	-1.681323E-006	8.191273E-006	1.446003E-005	-2.752677E-008	5.199781E-007	-1.941802E-005	-1.408634E-005	-5.379662E-008	3.839386E-007	-1.769688E-006	2.418055E-005	-5.387484E-008	3.678897E-007	1.46862E-005	-1.982582E-006	-6.897245E-008	3.136402E-007	4.184083E-006	-4.029543E-006	-1.132066E-007	2.311863E-007	-1.295778E-005	-1.323252E-005
	64	142	0.5978954	643.1389	-600.8642	1	880.1508	-43.05368	-1.758652E-007	2.821178E-005	8	2.272306E-005	0.0199997	1467.251	0.0411091	3.922262E-005	0.0014389	-0.0014694	0.0425136	-1.809668	2.217499E-005	2.131947E-005	2.0154E-005	6.975803E-006	5.405134E-005	-5.717453E-005	-1.128577E-005	1.628065E-005	1.384027E-006	1.926683E-006	1.213123E-005	9.677649E-006	1.705941E-006	-1.563187E-006	-9.501354E-006	4.719661E-005	-1.022454E-008	4.432964E-007	-1.148024E-005	-4.17611E-006	-6.491974E-008	3.19942E-007	-1.355505E-005	2.435425E-005	-4.054165E-008	3.139085E-007	8.8776E-006	5.748821E-006	-7.730888E-008	2.980314E-007	8.89384E-006	1.075707E-006	-1.246881E-007	2.035076E-007	-2.185756E-005	6.250222E-006
	65	152	0.4763719	716.4402	-672.215	1	982.425	-43.17589	-1.508165E-007	2.821726E-005	8	2.035802E-005	0.0200002	1466.799	0.0414407	3.536285E-005	0.0012923	-0.0013135	0.0428861	-1.809706	1.989095E-005	1.930308E-005	2.588547E-005	-5.436225E-006	4.933567E-005	-5.117545E-005	3.42814E-006	3.035221E-005	1.262584E-006	1.705415E-006	2.087321E-005	2.135523E-006	1.599579E-006	-1.422335E-006	4.611677E-006	2.34083E-005	-1.374065E-008	3.624532E-007	-1.905888E-005	-6.025629E-006	-3.501192E-008	2.526654E-007	-1.489534E-007	1.493261E-005	-3.947754E-008	2.576871E-007	1.399545E-005	7.317314E-006	-5.523544E-008	2.415936E-007	-1.607463E-006	5.31238E-006	-8.012649E-008	1.577373E-007	-1.832715E-005	-1.473396E-005
	66	164	0.3780242	800.0737	-753.3846	1	1098.957	-43.2785	-1.305793E-007	2.755031E-005	8	1.819923E-005	0.0200002	1466.799	0.0417717	3.492955E-005	0.0011575	-0.0011719	0.0431942	-1.809694	1.778918E-005	1.74124E-005	2.503319E-005	2.177643E-006	4.489138E-005	-4.573537E-005	-6.192714E-007	-8.606142E-006	1.135966E-006	1.524071E-006	2.750941E-005	4.669986E-006	1.475652E-006	-1.304587E-006	-2.051529E-006	3.465785E-005	-3.756214E-009	3.109935E-007	-5.859533E-006	3.640962E-006	-1.039007E-008	1.94103E-007	2.0226E-006	1.547924E-005	-3.236529E-008	2.24914E-007	4.348753E-006	9.293988E-006	-5.817311E-008	1.928838E-007	-3.539027E-007	3.340974E-006	-7.160998E-008	1.119379E-007	-2.689258E-005	-1.330883E-005
	67	179	0.3004808	893.2552	-843.4781	1	1228.56	-43.35828	-1.128702E-007	2.694223E-005	8	1.62794E-005	0.0200002	1466.708	0.0420235	3.348315E-005	0.001037	-0.0010467	0.0434568	-1.809692	1.591698E-005	1.56773E-005	1.766847E-005	-8.03495E-006	4.072242E-005	-4.086788E-005	-1.180457E-005	1.515393E-005	1.027279E-006	1.350376E-006	2.283481E-005	5.350943E-006	1.377904E-006	-1.191023E-006	-2.504792E-006	3.016838E-005	2.337401E-009	2.586753E-007	-1.211884E-005	-1.867928E-006	5.617949E-009	1.602807E-007	2.407469E-006	1.39937E-005	-1.190529E-008	1.816543E-007	2.405193E-005	2.400193E-006	-5.459971E-008	1.590288E-007	-4.757255E-006	9.812182E-006	-6.769188E-008	9.763653E-008	-1.936505E-005	-5.606476E-006
	68	197	0.238186	999.946	-946.2034	1	1376.66	-43.41819	-9.655184E-008	2.824206E-005	8	1.453546E-005	0.0200097	1467.431	0.0422049	3.586794E-005	0.0008613	-0.0009945	-0.080068	-1.809302	1.592049E-005	1.199702E-005	6.875489E-007	-2.090601E-005	2.857698E-005	-4.317559E-005	3.118766E-006	-7.270254E-006	1.12922E-006	9.065295E-007	3.074342E-005	-7.607277E-006	7.430708E-007	-1.441234E-006	2.032449E-005	3.334845E-005	-4.729373E-009	1.844946E-007	-2.103648E-005	1.242093E-006	-2.120942E-008	1.04953E-007	4.715053E-006	8.965784E-006	-1.460649E-009	1.379408E-007	1.261872E-005	-2.969988E-006	-3.737569E-008	1.441786E-007	7.173279E-006	-3.628667E-006	-5.954554E-008	9.429641E-008	-1.712446E-005	1.089776E-005
	69	219	0.1890121	1118.235	-1059.763	1	1540.632	-43.46218	-8.603908E-008	2.829947E-005	8	1.298285E-005	0.0200014	1466.889	0.0424113	3.28173E-005	0.0007824	-0.0008767	-0.0544034	-1.8095	1.397799E-005	1.124312E-005	2.52598E-005	1.105029E-005	2.750638E-005	-3.74345E-005	6.399117E-006	2.065412E-006	9.814157E-007	8.688774E-007	1.495122E-005	-1.110535E-005	7.848757E-007	-1.230693E-006	3.562775E-006	3.297842E-005	1.331045E-008	1.752403E-007	-1.25661E-005	7.855473E-006	-1.482658E-008	1.010844E-007	4.639616E-006	8.065719E-006	-8.683856E-009	1.324283E-007	2.143346E-005	-3.800379E-006	-2.960133E-008	1.142198E-007	2.716901E-006	7.964147E-006	-6.21667E-008	7.952531E-008	-2.064323E-005	1.225853E-007
	70	247	0.1502404	1250.078	-1185.705	1	1722.96	-43.48613	-8.291777E-008	2.847908E-005	8	1.160887E-005	0.0200014	1466.889	0.0425983	3.700847E-005	0.0007086	-0.0007758	-0.0341727	-1.809993	1.231288E-005	1.041835E-005	2.844131E-005	2.795205E-006	2.600225E-005	-3.2616E-005	8.42195E-006	1.003404E-005	8.534143E-007	8.400591E-007	3.667525E-005	6.175076E-006	7.945546E-007	-1.069771E-006	1.635868E-006	2.838331E-005	8.00992E-009	1.497554E-007	-9.447919E-006	-8.923235E-007	-8.91123E-009	9.327823E-008	7.843715E-006	-3.157242E-006	-4.424693E-009	1.159533E-007	2.049119E-005	-9.125158E-006	-2.504112E-008	1.085109E-007	8.030329E-006	1.030805E-005	-4.27499E-008	5.992979E-008	-2.093206E-005	-5.930605E-006
	71	280	0.1193355	1398.906	-1328.249	1	1929.037	-43.51587	-1.295641E-007	2.763332E-005	8	1.036856E-005	0.0200012	1466.889	0.0426627	3.220241E-005	0.0006394	-0.0006869	-0.0180186	-1.810209	1.081356E-005	9.942704E-006	2.896867E-005	-1.730189E-005	2.420223E-005	-2.825945E-005	-3.422146E-006	8.216215E-006	7.136205E-007	9.655344E-007	1.804391E-005	-1.039039E-005	7.56485E-007	-7.828033E-007	2.231682E-006	2.430487E-005	-8.419193E-009	2.66414E-007	-9.465731E-006	7.005321E-006	-2.450634E-008	1.870667E-007	3.224472E-006	1.370203E-005	-2.859088E-008	2.008699E-007	1.737115E-005	-4.168077E-006	-5.701169E-008	1.729732E-007	-2.222019E-006	4.46639E-006	-6.530173E-008	1.243252E-007	-2.168236E-005	6.744522E-007
	72	320	0.0946587	1566.977	-1488.426	1	2161.209	-43.52731	-1.663907E-007	2.61989E-005	8	9.254522E-006	0.0200009	1466.98	0.0427313	3.291841E-005	0.0005752	-0.0006089	-0.0051706	-1.810263	9.490801E-006	9.447888E-006	1.799595E-005	-1.77628E-006	2.229977E-005	-2.453273E-005	-8.387958E-006	-6.033414E-006	5.875527E-007	1.081395E-006	1.844694E-005	9.712792E-006	7.00561E-007	-5.214998E-007	-2.272776E-006	4.062284E-005	-3.546303E-008	3.548182E-007	-1.200719E-005	-5.660842E-006	-5.140283E-008	2.718466E-007	-2.890825E-006	9.840733E-006	-4.73765E-008	2.613197E-007	1.162058E-005	1.948618E-006	-5.891526E-008	2.335648E-007	-6.065589E-006	-5.073846E-006	-7.598465E-008	1.839585E-007	-2.333161E-005	4.341127E-007
