EXPLAIN
TAG	EISPOT
TITLE	LABEL	Potentiostatic EIS	Test Identifier
DATE	LABEL	2/6/2024	Date
TIME	LABEL	13:37:53	Time
NOTES	NOTES	1	Notes...
	
PSTAT	PSTAT	IFC1010-20135 JB	Potentiostat
VDC	POTEN	0.00000E+000	T	DC Voltage (V)
FREQINIT	QUANT	1.50000E+006	Initial Freq. (Hz)
FREQFINAL	QUANT	1.00000E-001	A Real Number
PTSPERDEC	QUANT	1.00000E+001	Points/decade
VAC	QUANT	1.00000E+002	AC Voltage (mV rms)
AREA	QUANT	1.00000E+000	Sample Area (cm^2)
SPEED	SELECTOR	1	Optimize for:
DRIFTCOR	SELECTOR	0	Drift Correction
THD	SELECTOR	1	THD
ZGUESS	QUANT	1.00000E+002	Estimated Z (ohms)
EOC	QUANT	-3.61446E-005	Open Circuit (V)
SEQUENCER	TOGGLE	TRUE	Run as Sequence
PSTATMODEL	IQUANT	64	Pstat Model
PSTATSECTION	LABEL	IFC1010-20135	Pstat Section
PSTATSERIALNO	LABEL	20135	Pstat Serial Number
CTRLMODE	IQUANT	1	Control Mode
ELECTROMETER	IQUANT	0	RE=0 or CS=1
IESTAB	IQUANT	0	I/E Stability
CASPEED	IQUANT	3	Control Amp Speed
CONVENTION	IQUANT	1	Current Convention
ICHRANGE	IQUANT	2	Ich Range
ICHRANGEMODE	TOGGLE	F	Ich Auto Range
ICHOFFSETENABLE	TOGGLE	T	Ich Offset Enable
ICHOFFSET	QUANT	0	Ich Offset (V)
ICHFILTER	IQUANT	4	Ich Filter
VCHRANGE	IQUANT	2	Vch Range
VCHRANGEMODE	TOGGLE	F	Vch Auto Range
VCHOFFSETENABLE	TOGGLE	T	Vch Offset Enable
VCHOFFSET	QUANT	0	Vch Offset (V)
VCHFILTER	IQUANT	4	Vch Filter
IERANGELOWERLIMIT	IQUANT	4	I/E Range Lower Limit
IERANGEMODE	TOGGLE	F	I/E AutoRange
IERANGE	IQUANT	11	I/E Range
ACHSELECT	IQUANT	0	Ach Select
ACHRANGE	IQUANT	2	Ach Range
ACHOFFSETENABLE	TOGGLE	F	Ach Offset Enable
ACHOFFSET	QUANT	0	Ach Offset (V)
ACHFILTER	IQUANT	1	Ach Filter
SENSECABLEID	IQUANT	13	Sense Cable ID
PWRCABLEID	IQUANT	13	Power Cable ID
DCCALDATE	LABEL	1/30/2024	DC Calibration Date
ACCALDATE	LABEL	1/10/2018	AC Calibration Date
FRAMEWORKVERSION	LABEL	7.10.3	Framework Version
INSTRUMENTVERSION	LABEL	4.91	Instrument Version
COMMVERSION	LABEL	3.10	Communications Version
CPUPLDVERSION	LABEL	2.22	CPU PLD Version
CTRLPLDVERSION	LABEL	0.00	CTRL PLD Version
PSTATPLDVERSION	LABEL	0.00	PSTAT PLD Version
ZCURVE	TABLE
	Pt	Time	Freq	Zreal	Zimag	Zsig	Zmod	Zphz	Idc	Vdc	IERange	Imod	Vmod	Temp	Ithd	Vthd	IHr1	IHi1	VHr1	VHi1	IHr2	IHi2	VHr2	VHi2	IHr3	IHi3	VHr3	VHi3	IHr4	IHi4	VHr4	VHi4	IHr5	IHi5	VHr5	VHi5	IHr6	IHi6	VHr6	VHi6	IHr7	IHi7	VHr7	VHi7	IHr8	IHi8	VHr8	VHi8	IHr9	IHi9	VHr9	VHi9	IHr10	IHi10	VHr10	VHi10
	#	s	Hz	ohm	ohm	V	ohm	°	A	V	#	A	V	°C	#	#	A	A	V	V	A	A	V	V	A	A	V	V	A	A	V	V	A	A	V	V	A	A	V	V	A	A	V	V	A	A	V	V	A	A	V	V	A	A	V	V
	0	4	1500059	4.528814	0.7348302	1	4.588042	9.216302	0.0003359	0.0015021	11	0.0206398	0.1056348	1467.703	0.0042844	0.0068761	-0.6137531	-1.764405	-5.149907	-8.055476	-0.0030303	-0.0067972	-0.0564519	-0.018358	0.0027254	0.0010731	0.0185396	-0.0210403	-0.0001224	-0.0001112	-0.000566	-0.0008057	-4.486182E-006	-8.623E-005	0.0015908	-0.0026027	0.000128	6.367848E-005	0.0001754	-0.0006381	-0.0001225	-2.548425E-005	0.0004651	0.0005199	5.64009E-006	3.843335E-005	0.0003127	0.000218	0.0001123	-9.247615E-005	0.0004334	-0.0002696	-6.971882E-006	2.895203E-005	7.549673E-005	0.0004089
	1	6	1191504	4.489666	0.5628222	1	4.524806	7.145294	3.792459E-005	0.001092	11	0.0308413	0.1501952	1466.799	0.0085756	0.0120648	-2.11982	1.816167	-8.628775	10.50448	0.0166559	0.0038505	0.1104323	-0.0415988	0.0154109	0.0065043	0.0980172	-0.057618	-0.0001133	-0.0002091	-0.0011807	0.0010216	-0.0005163	-5.658344E-005	-0.001981	0.0056874	-8.980372E-005	0.0005251	-0.0007535	0.0019933	-6.452204E-006	0.0004201	0.0004471	0.0006102	-1.602248E-005	-3.605337E-005	-0.0002632	-0.0006665	0.0002178	-0.0003826	0.0008122	-0.0009917	3.581122E-005	9.363145E-005	0.0001914	0.0004788
	2	7	946464.9	4.466556	0.4211614	1	4.486368	5.386618	8.911497E-005	0.0006945	11	0.0302302	0.1423304	1467.341	0.0147005	0.019979	1.552318	2.253155	8.680769	9.51826	-0.0151784	-0.0044994	-0.095791	0.0087136	-0.0116748	0.0350604	0.0739649	0.2266643	-0.0001415	-0.0003747	-0.0043121	-0.0008377	-0.0000959	0.0011118	0.0100026	0.0027751	6.481633E-005	-0.0000957	-0.0003439	0.0002466	0.0001981	0.0002821	0.0024295	0.0024014	9.085983E-005	-8.733572E-005	0.000152	-0.0004599	0.0003424	7.903203E-005	0.001671	0.0005881	0.0001032	9.05646E-005	0.0005737	2.909452E-006
	3	9	751816.4	4.444703	0.305283	1	4.455175	3.929172	6.580098E-005	0.0004475	11	0.0296131	0.1361148	1466.799	0.0220784	0.0281009	-2.468653	-1.04385	-11.80589	-3.520786	-0.009071	0.0120363	-0.0308342	0.0764639	-0.0565439	-0.0084804	-0.3229046	0.0920879	-0.0003574	0.0006968	0.001402	0.0058724	-0.0002944	0.0021787	0.0123877	0.0106166	3.018975E-005	6.939704E-005	0.0004296	-0.0004286	-0.0001451	0.0002608	0.001521	0.0000985	4.99282E-005	4.58844E-005	-0.0001592	0.0002592	2.314802E-006	4.511885E-005	-0.0004532	-0.0006259	1.869164E-006	6.672088E-005	-0.0001713	0.0001829
	4	10	597246.1	4.430677	0.1961628	1	4.435018	2.535045	6.476857E-005	0.0004272	11	0.0295834	0.1338534	1466.708	0.031146	0.03707	0.2542858	-2.665481	-0.007382	-12.11503	-0.0002079	-0.0147914	-0.0153293	-0.0729005	0.0540939	0.0615973	0.3760306	0.2324738	0.0006696	0.0008665	0.0071094	0.002859	-0.000186	0.0037522	0.0150095	0.0200425	4.603248E-005	8.393079E-005	0.0007295	0.000625	-0.0001966	-0.0005389	-0.0037112	0.000345	-8.00565E-005	-1.471024E-005	-0.0004975	-0.0001798	0.0001609	-0.0000983	-0.0009129	-0.0007973	-1.666695E-005	-4.345552E-006	-0.0001304	-0.0001259
	5	12	474433.6	4.425573	0.0929143	1	4.426548	1.202741	6.006093E-005	0.0003876	11	0.0289866	0.1299559	1466.619	0.0407805	0.0458533	0.0755035	-2.622484	-0.7095291	-11.74084	-0.001959	-0.0136535	-0.0196396	-0.0632178	0.0776119	0.0721296	0.4600934	0.2714439	0.0009801	0.0010123	0.0076722	0.0035713	0.000895	0.0050613	0.0189083	0.0249055	2.301484E-005	7.512979E-005	0.0005737	0.0002234	-0.0012285	-0.0006142	-0.0083051	0.0030807	-5.092473E-006	-3.846922E-005	-7.762016E-005	8.991361E-005	-4.620851E-005	-0.0003796	-0.0027369	-0.0004451	-2.035126E-005	-2.867729E-005	-0.0002053	-7.309766E-005
	6	15	376816.4	4.42548	-0.0039403	1	4.425482	-0.0510138	6.780847E-005	0.0004554	11	0.027997	0.124906	1466.708	0.0502457	0.054189	2.324265	-1.009436	9.93446	-5.39575	0.0096998	0.0068934	0.049438	0.0250063	-0.0538621	-0.114573	-0.3457572	-0.5013745	0.0012622	-0.0011182	0.0045416	-0.0075632	0.0019189	0.0052902	0.0195423	0.0240007	1.170766E-005	4.933565E-005	0.0002118	0.0003828	0.0013606	-0.0021337	-8.586423E-005	-0.0157913	7.50972E-005	7.309159E-005	0.000471	0.0001015	-0.0003242	0.0005722	0.0020953	0.0041085	8.405186E-006	1.026783E-006	-5.652756E-005	6.600097E-005
	7	17	299355.5	4.428659	-0.0998153	1	4.429784	-1.291142	6.270583E-005	0.0004083	11	0.0268413	0.1195117	1466.708	0.0586282	0.0613992	-2.426572	-0.1172013	-10.80693	0.4658084	-0.0007142	0.0092258	0.0031558	0.0428852	-0.1259632	0.0653396	-0.5421892	0.378854	0.0005561	0.0016235	0.0043019	0.0072236	0.002588	0.0061868	0.0197962	0.0271612	-7.605554E-005	6.217696E-005	-0.0002001	0.0003627	0.0028896	-0.0028616	0.0088697	-0.0210694	-2.991222E-005	-9.302237E-005	-0.0003626	-0.0004409	-0.0007953	2.548471E-005	-0.0038304	0.0035082	-2.043881E-005	2.415292E-005	3.036112E-005	0.0001951
	8	19	237832	4.434833	-0.2004635	1	4.439362	-2.588124	6.094857E-005	0.0003793	11	0.025606	0.1140433	1466.941	0.0648733	0.0665584	-1.162926	2.004705	-4.264988	9.399678	0.0059033	-0.002438	0.0244209	-0.016813	0.1359541	-0.0627806	0.5855422	-0.3534486	-0.0014186	-0.0001156	-0.0067536	0.0004959	-0.0096285	0.0040418	-0.0422501	0.0268552	-0.0001003	0.0002202	-8.378645E-005	0.0011888	-0.0018849	-0.0049012	-0.0166888	-0.021785	-0.0001173	3.106892E-006	-0.0004927	0.0003648	0.0008025	-8.711779E-005	0.0037716	-0.0025735	-2.918951E-005	-4.081057E-006	-0.0001405	1.787394E-005
	9	21	188847.7	4.44449	-0.3101554	1	4.455299	-3.991871	-3.945713E-005	-0.0001858	11	0.0247745	0.1106038	1466.708	0.0694457	0.0701812	-0.8949321	2.056003	-2.935808	9.57055	0.0056915	-0.0017394	0.0244727	-0.0135054	0.1302985	-0.0834726	0.54786	-0.432148	-0.0016939	0.000192	-0.0075602	0.0019167	-0.0136995	0.0064402	-0.0593188	0.0381252	4.858896E-005	-1.453236E-005	0.0004564	-0.0001003	-0.0047945	-0.0035291	-0.0268688	-0.0121082	-4.9565E-005	5.727448E-005	-2.216548E-005	0.0004396	0.0006616	-0.00025	0.0024591	-0.0020658	2.077594E-005	-2.24635E-005	1.83247E-005	-0.000163
	10	23	150058.6	4.458241	-0.4341532	1	4.479331	-5.562049	-3.542084E-005	-0.0002383	11	0.0238959	0.1071759	1466.619	0.0700346	0.0699276	-0.4098876	-2.123612	-3.070428	-9.201705	0.0013258	-0.0045693	-0.0006267	-0.0221301	0.0824221	0.1255595	0.4190436	0.525722	0.0005826	0.0013546	0.0036055	0.0056222	-0.0178567	-0.0033744	-0.0831016	-0.0062993	-0.0002183	3.292318E-005	-0.0010424	0.0001849	-0.0051749	0.0016687	-0.022951	0.0116436	-0.0001702	3.127009E-005	-0.0006615	0.0002633	2.926541E-005	-0.0004896	-3.353507E-005	-0.0024123	-8.243137E-006	-6.1207E-005	-7.998572E-005	-0.0001487
	11	25	119238.3	4.477796	-0.5776226	1	4.514898	-7.350397	-3.568988E-005	-0.0002473	11	0.0230459	0.104135	1466.619	0.0691666	0.0682549	0.6995437	-1.965078	1.74725	-9.261861	0.0040818	-0.0004427	0.0161004	-0.0102064	-0.1357495	0.043519	-0.5849912	0.2480011	-0.0007346	-0.0005607	-0.0037457	-0.0018688	0.0210708	0.0028016	0.0961949	0.0033849	1.432933E-005	0.0001491	0.0003279	0.0005654	0.0045209	0.0015164	0.0214371	0.0043029	7.576495E-005	0.0001451	0.0005114	0.0006193	-0.0002618	-0.0007195	-0.0016339	-0.0034256	3.599375E-005	-3.008335E-005	3.182143E-005	-0.0002294
	12	28	94746.09	4.505517	-0.7462929	1	4.566907	-9.405066	-3.56205E-005	-0.0002511	11	0.0224357	0.1025144	1466.619	0.0628087	0.0611886	1.28215	1.574678	7.086791	5.989061	-0.0010213	-0.0038604	-0.0132995	-0.0097074	-0.12566	-0.001794	-0.5574474	0.0452174	0.0010548	0.0002701	0.0047763	0.0003176	0.0047848	-0.0200294	0.0130512	-0.0917195	-0.0001364	0.0002891	-0.000341	0.0013589	-0.0043598	0.0034601	-0.0179975	0.0176627	-8.173288E-006	-4.223921E-005	-5.438925E-005	-0.0002251	0.0002858	-0.0009761	0.0006916	-0.0047524	-1.929887E-005	2.294779E-006	-9.457023E-005	-8.668006E-005
	13	30	75292.97	4.542363	-0.9457231	1	4.639769	-11.761	-3.811708E-005	-0.0002101	11	0.0218453	0.10139	1466.619	0.0533877	0.0512249	-0.1013846	1.974606	1.563095	9.042672	0.0041351	-0.0002677	0.0067939	-0.0121841	0.0800448	-0.0658405	0.3236216	-0.3292166	-0.0008962	-0.0005883	-0.0042114	-0.0016595	-0.017247	0.006019	-0.074354	0.0338496	0.0002711	0.0002217	0.0013369	0.0007043	0.0007513	0.0068194	0.0062134	0.0300332	5.647773E-006	8.316711E-006	7.46455E-005	-0.0001071	0.000822	-0.0007711	0.0033221	-0.0041132	-4.937082E-005	4.484784E-006	-0.0002361	0.000096
	14	32	59824.22	4.590335	-1.184002	1	4.740574	-14.46326	-3.444802E-005	-0.0002538	11	0.0212833	0.1009159	1466.708	0.0434176	0.0408484	1.702873	0.9005757	8.912975	1.996598	-0.0029789	-0.0047323	-0.0146741	0.0015697	-0.0596288	0.0559721	-0.2341511	0.2805342	0.0010094	-0.0004188	0.0038597	-0.0026819	-0.011906	-0.0086571	-0.0565468	-0.0332695	0.0002629	0.0002361	0.0011064	0.0010248	0.0074414	0.0006796	0.0331823	0.0001596	-9.330829E-005	-0.0001456	-0.000375	-0.0004862	-0.0004838	0.0011646	-0.0016024	0.0054499	-1.753145E-005	-3.371389E-005	-2.492312E-005	-0.0001691
	15	34	47519.53	4.651953	-1.470592	1	4.878864	-17.54298	-3.804668E-005	-0.0002136	11	0.0205477	0.1002623	1466.889	0.0337278	0.030867	0.8125787	-1.672851	1.222671	-8.991961	0.003045	0.0065079	0.0139167	-0.0030921	-0.038594	-0.0471642	-0.2023252	-0.1843169	0.0011411	-0.0002874	0.0042486	-0.0020562	-0.006578	0.0088721	-0.0248678	0.0425258	-0.0001971	-0.0002281	-0.0008115	-0.0009785	-0.0009197	0.0065647	-0.0014925	0.0294318	-0.0001882	-0.0002128	-0.0009346	-0.0008475	0.0010357	0.0006182	0.0048449	0.0022658	-1.834706E-006	-3.016554E-005	-4.172326E-005	-0.0001992
	16	36	37792.97	4.731065	-1.814701	1	5.067161	-20.98538	-3.815407E-005	-0.0002167	11	0.0197162	0.0999132	1466.889	0.0255588	0.0223082	-1.110367	-1.396974	-7.828307	-4.527188	0.0055157	-0.0082087	-0.0111398	-0.0102927	0.0300475	0.0313579	0.1593701	0.1146681	-0.0003483	0.0010788	-0.000253	0.0045669	-0.0079565	0.0022029	-0.0343113	0.0137839	-0.0002007	-0.0001844	-0.000831	-0.0005938	0.0047398	0.0017584	0.0218423	0.0056055	0.0001199	0.0003562	0.0007161	0.00103	-0.0009986	-0.0002155	-0.0043756	-0.0006128	-5.729497E-006	-0.000101	-0.0001913	-0.0007263
	17	38	29941.41	4.835081	-2.237505	1	5.327705	-24.83304	-3.417418E-005	-0.0002565	11	0.0187005	0.099636	1467.341	0.0195545	0.0152724	-1.449749	0.8735252	-5.004231	7.502157	-0.011213	0.0076773	0.0073145	0.0142585	-0.0285666	0.00634	-0.1188926	0.0590679	-0.0010452	0.0004551	-0.0035116	0.0027585	-0.0016119	0.0061669	-0.0035716	0.0284606	1.551956E-005	0.0001467	0.0003173	0.0006968	-0.0033739	0.0006494	-0.0145836	0.0041007	-0.0001773	0.0002084	-0.0007149	0.0007973	-0.0008255	0.0000966	-0.0035372	0.0009593	-2.221018E-005	5.372893E-005	-0.0001953	7.275492E-006
	18	39	23847.66	4.96807	-2.736158	1	5.671709	-28.84372	-3.367326E-005	-0.0002486	11	0.0175514	0.0995495	1467.07	0.0166633	0.0099328	0.2699271	-1.565468	-2.988771	-8.500048	0.0103365	0.0144861	0.0143287	-0.0088572	-0.0162157	-0.0096063	-0.0830418	-0.0152465	0.0009823	-0.0005391	0.0029542	-0.0032392	0.0041697	0.002439	0.0207273	0.0081322	-0.0001982	-1.355074E-006	-0.0005554	-8.07643E-006	0.0019113	0.000323	0.0085168	0.0005356	9.330362E-005	0.000129	0.0003476	0.0003582	-0.0001186	-0.0005792	-0.0013289	-0.0026428	0.0001542	1.147762E-005	0.0005062	0.0002335
	19	40	18925.78	5.146963	-3.347369	1	6.139716	-33.03829	-3.81921E-005	-0.0002129	11	0.0161906	0.0994076	1467.431	0.0173827	0.0059867	1.155754	0.9009101	8.967725	0.7294883	0.0106492	-0.019595	-0.0145238	-0.0079959	-0.0086545	-0.0078975	-0.0475993	-0.0079408	-0.0003134	0.0010873	0.0006501	0.0037739	-0.0011471	-0.0032792	-0.0074003	-0.0144019	-0.0001345	2.283789E-005	-0.0006465	0.0003747	-0.0001958	0.0007272	-0.0003304	0.0037209	-0.0001018	-4.111418E-005	-0.0003197	-0.000279	-0.0003649	-0.0003607	-0.0017917	-0.0015613	4.961481E-005	5.60265E-005	0.0006607	0.0003138
	20	42	15058.59	5.382222	-4.072562	1	6.749376	-37.11367	-3.142373E-005	-0.000241	11	0.0147328	0.0994388	1466.708	0.0213061	0.0035678	-1.326163	0.139351	-6.549089	6.173532	-0.021276	-0.016659	-0.0103291	0.0133597	0.004142	-0.0073649	-0.0107183	-0.0225973	0.0006521	-0.0007981	0.0001043	-0.0025502	-0.0020602	-0.0002536	-0.0104786	-0.0002791	2.912804E-005	-8.425769E-005	0.0002094	-0.0004962	0.000116	-0.0001954	1.312792E-005	-0.0007486	-0.0001898	-4.131627E-005	-0.0009804	0.0001279	0.0002904	-0.0001535	0.0012729	-0.0006398	5.248189E-005	-0.0001117	0.0001579	-0.0003537
	21	43	11863.43	5.710228	-4.979118	1	7.576168	-41.08728	2.976427E-006	-0.0001377	11	0.0131199	0.0993994	1467.431	0.0270949	0.0022791	0.1501139	1.177951	6.738566	5.960754	0.0222028	0.0215508	0.0095257	-0.0116082	0.0046006	0.0072821	0.0119546	-0.0019506	0.000952	-0.000738	0.0001164	-0.0020413	0.0010281	0.0009317	0.0042473	0.0045681	-0.0001594	3.969669E-005	-0.0004529	0.000403	6.694696E-005	-0.0002617	0.0002872	-0.0010844	-0.00013	0.000136	-0.0006421	0.0009749	-0.000289	-7.814915E-005	-0.0013835	-0.000242	6.762519E-005	7.880817E-005	0.0003702	0.0002066
	22	45	9432.87	6.127666	-6.013235	1	8.585295	-44.45999	-1.825127E-006	0.0001534	11	0.011591	0.0995159	1466.528	0.033678	0.0018285	0.981058	-0.3716471	3.765584	-8.182242	-0.0301958	-0.0147873	-0.0042433	0.0120764	-0.0064395	0.0083846	0.0020118	0.0075511	0.000361	-0.0014313	-0.0010474	-0.0008389	-0.0016293	-0.0009684	-0.0053601	-0.003235	9.116484E-005	-0.0002127	-7.607789E-005	-0.0004902	-0.0001444	-0.0003152	-0.0005646	-0.0012966	0.0002184	2.194615E-005	0.0010663	-2.162904E-005	0.0001472	-0.0002329	0.0005659	-0.0011363	5.232688E-005	0.0000964	0.0004518	0.0003824
	23	46	7558.594	6.655306	-7.188694	1	9.79645	-47.20643	6.752976E-006	5.312494E-005	11	0.0101664	0.099597	1467.251	0.0403603	0.001697	-0.8784235	0.2739671	-3.86775	8.14258	-0.0259389	-0.0231027	-0.0055815	0.0089942	0.0113961	-0.0057341	0.002491	-0.0078339	0.0013081	-0.0013564	-0.0006828	-0.0007503	0.001969	0.0014315	0.0062249	0.0029926	0.0002878	-0.0001975	0.0002771	-0.0006044	0.0001203	0.0003779	0.000548	0.0012514	0.0002062	8.804817E-005	0.0011011	0.0001376	-0.0001527	0.0002338	-0.0005646	0.0012484	7.225852E-005	8.662557E-005	0.0003888	0.0003068
	24	48	5960.648	7.390143	-8.658323	1	11.38336	-49.51823	-4.106259E-007	0.0001527	11	0.0087568	0.0996836	1466.619	0.0474753	0.0016355	0.2967102	-0.7349427	-4.177733	-7.996813	-0.0219539	0.026345	0.0070725	0.0035139	0.014268	0.0045512	0.0081878	-0.0048662	-0.001534	0.0018276	0.0005062	0.0007853	0.0024105	-0.0018449	0.0036919	-0.0066106	0.000319	0.0002587	0.00083	-1.479685E-005	-0.0001612	-0.0005012	-0.0007751	-0.001259	0.0001967	-0.0001704	0.0007127	-0.0008916	-0.0003035	-7.922203E-005	-0.0013817	7.353723E-006	-1.439452E-005	-0.0001087	-0.0002808	-0.0005358
	25	49	4746.094	8.296457	-10.29227	1	13.21976	-51.12819	2.561654E-006	7.455359E-005	11	0.0075461	0.0997592	1467.251	0.0541127	0.0016025	0.2293149	0.6433521	8.526222	2.971444	0.0183841	0.0269313	0.0033974	-0.004553	0.0002012	0.0167949	0.0088582	0.0054214	0.0026177	-0.0008708	5.854666E-005	-0.0007972	0.0018185	-0.0029883	-0.0008366	-0.0078934	-0.0004617	7.275771E-005	-0.0001476	0.0006969	-0.0005003	0.000313	-0.0005149	0.0012667	0.0002302	-4.854706E-005	0.0008499	-0.0006953	0.0003195	-2.529007E-005	0.0011678	-0.0005317	-0.0001167	3.835186E-006	-0.0005812	0.0001436
	26	51	3761.574	9.466596	-12.19962	1	15.44173	-52.18944	-4.04696E-007	0.0001562	11	0.0064655	0.0998393	1466.619	0.0606625	0.001566	-0.5570435	0.1793083	-3.081127	8.494918	-0.0111042	-0.0278479	-0.0025165	0.0028556	0.0170467	0.0068104	0.0073192	-0.0076503	0.0029648	0.0003417	0.0003765	-0.0007124	0.0024204	0.0029619	0.0081516	-0.0001945	0.0004964	0.0001558	0.0002201	-0.0007522	0.0001259	0.0006377	0.001249	0.0007449	0.0002249	-5.713712E-005	0.0009204	-0.0007077	-5.771081E-005	0.0003358	0.0002849	0.0014266	0.0001026	2.684561E-005	0.0005776	-2.343021E-005
	27	52	2993.223	10.90028	-14.32544	1	18.00096	-52.73236	-7.03214E-007	0.0001532	11	0.0055483	0.0998754	1467.251	0.0669409	0.0015222	-0.0211473	0.5017307	6.958593	5.770092	-0.0123238	0.0238765	0.0023105	-0.000568	-0.0192421	-0.0032797	-0.0035425	0.0097541	-0.0008594	0.002904	0.0004203	0.0001835	0.0010028	0.003999	0.0081873	0.0013714	0.000468	-0.0001747	-0.0004348	-0.0005742	0.00056	-0.0004279	-0.0002784	-0.0016442	-0.0001939	7.765158E-005	-0.0006596	0.0009218	-0.0003049	-6.040862E-005	-0.001305	0.0005497	8.456153E-005	4.481361E-005	0.0005173	9.484217E-005
	28	54	2372.685	12.66859	-16.75527	1	21.00553	-52.90722	1.064886E-006	0.0001484	10	0.0047605	0.0999963	1466.619	0.0738418	0.0016269	0.1892235	0.3870939	8.883835	1.729574	0.0086151	0.0220135	0.0010617	-0.0018743	-0.0105316	0.0177013	0.0099291	0.0055165	0.0030052	0.0005182	0.0004547	-0.0005617	0.002729	-0.0033812	-0.0060457	-0.0061686	-0.0005237	-7.368707E-005	0.0001579	0.0006597	-0.0005753	0.0005009	0.0007007	0.0016341	4.03279E-005	-0.0001942	-0.0004404	-0.0011381	0.0001627	-0.0002827	-0.0003088	-0.0016052	-3.238757E-005	0.0000967	4.324783E-005	0.0004844
	29	55	1886.433	14.79951	-19.41695	1	24.414	-52.68552	-6.447754E-007	7.159624E-005	10	0.0040922	0.0999073	1467.251	0.0806331	0.0014952	0.3255042	-0.1767248	1.38275	-8.936234	-0.0064263	-0.0192839	-0.0001437	0.0012121	-0.0163719	-0.0134875	-0.0046227	0.0091874	0.0026969	0.0007771	0.0003636	-0.0005303	-0.0032977	-0.0030225	-0.0048328	0.0067147	0.0004673	0.0001192	-0.0003197	-0.0004396	-0.0005148	-0.000566	-0.0013013	0.0010458	-1.619174E-005	-0.0001578	-0.0007808	-0.0008381	-0.0002504	-8.470124E-005	-0.0011829	0.0007676	-4.925766E-006	-0.0001124	-0.0001656	-0.0005152
	30	57	1506.696	17.27146	-22.30095	1	28.20702	-52.24322	-4.523443E-006	6.173539E-005	10	0.0035429	0.0999351	1466.619	0.0879999	0.0014213	0.284103	-0.1487059	1.588126	-8.904584	-0.0028638	-0.0171065	0.0004166	0.0008686	-0.0118184	-0.0181031	-0.005055	0.0078753	0.0021052	0.0014649	0.0005028	-0.0001805	-0.0021562	-0.0039874	-0.0055316	0.0063145	0.0003648	0.000257	-0.0003222	-0.000333	-0.0002403	-0.0007678	-0.0013302	0.0006356	4.609057E-005	-0.0001594	-0.0005335	-0.000996	-0.0001806	-0.0001518	-0.0013004	0.0005172	3.849796E-006	-0.0001005	-0.0002672	-0.0005676
	31	58	1185.994	20.35325	-25.6818	1	32.76904	-51.60259	1.027118E-006	0.0001498	10	0.0030501	0.0999473	1467.251	0.0966735	0.0013323	0.149664	0.2319685	9.003715	0.8757109	0.0031972	0.0141288	-0.0009299	-0.0003924	-0.0180073	0.0123062	0.0081273	0.0026345	0.0020098	0.0010253	0.0003631	-0.0003045	0.0035863	-0.0028054	-0.0078485	-0.0018887	-0.0003891	-0.0001186	0.0005091	0.0001306	-0.000644	0.0004575	0.001291	0.000338	-5.704166E-005	-0.0001326	-0.0011547	-0.000279	-2.789777E-006	-0.0002012	-0.001374	-0.0005149	1.483667E-005	7.031322E-005	0.000402	0.0002734
	32	60	948.6607	23.70894	-29.1867	1	37.60289	-50.91235	-4.778176E-006	6.055849E-005	10	0.0026587	0.0999737	1466.619	0.1061276	0.0012799	0.1325042	0.2008681	9.004368	0.8934389	0.0016145	0.0120024	-0.0013789	-0.0002641	-0.0199418	0.0089941	0.0075738	0.002635	0.0016215	0.0011764	0.0004582	-7.746928E-005	0.0041421	-0.0022051	-0.0077105	-0.0017805	-0.000344	-0.0001551	0.0005422	6.67423E-005	-0.0007665	0.0003884	0.0012043	0.0005404	-4.386204E-005	-0.0001206	-0.0011029	-0.0002187	5.029584E-005	-0.0001506	-0.0012171	-0.0001634	4.261546E-005	4.81864E-005	0.0004447	3.510714E-005
	33	61	752.3148	27.66997	-33.15218	1	43.1821	-50.15044	8.088609E-007	0.0001483	10	0.0023146	0.099948	1467.251	0.1161725	0.0011996	0.2086722	0.0185026	6.386471	-6.406856	0.0096769	-0.0025477	0.0002135	0.0014875	0.0210152	0.0048011	-0.0061381	-0.0046278	-0.0016686	-0.0005802	-0.0004112	0.0002182	-2.457295E-006	0.0048542	0.0020211	-0.0067339	-6.364776E-005	-0.0003683	0.0001246	0.0003246	-0.0007615	0.0001895	0.0016854	0.0002267	-0.0001092	-4.113746E-005	-0.0007321	0.0008007	-0.0001124	1.230999E-005	0.0001326	0.0015419	4.683854E-006	-5.65516E-005	-0.0003758	-0.0001742
	34	63	599.564	32.07293	-37.47307	1	49.32447	-49.44002	-4.664084E-006	6.492727E-005	10	0.0020269	0.0999758	1466.619	0.1278547	0.0011927	0.057522	-0.1742028	-4.683868	-7.742206	-0.007856	-0.0024388	0.0006379	-0.0019785	-0.018887	0.0099579	0.0070067	-0.0011936	-0.0002809	-0.0014724	-0.0003664	-8.464606E-005	0.0011334	0.0046881	-0.0006458	-0.0074889	-0.0003202	1.778063E-005	0.0003945	-0.0004581	0.0009909	-2.829736E-006	-0.0009128	-0.000477	7.557697E-005	-3.315346E-005	-0.0006441	-0.0009057	-3.737871E-005	-0.0001095	-0.0005525	0.0013291	-2.94483E-005	-2.334066E-005	-0.0004631	0.0002299
	35	64	474.0168	37.22634	-42.39576	1	56.41986	-48.71469	-8.968709E-007	0.0001082	10	0.001772	0.0999807	1467.251	0.1400124	0.0011569	0.0940164	0.1299369	9.008146	0.8611857	-0.0004664	0.0066737	-0.0018525	5.592406E-005	-0.0207873	0.00026	0.0069532	-7.450582E-005	0.0008673	0.0009874	0.0002731	-0.0001201	0.0049454	-0.0002538	-0.0070694	0.0015933	-0.0002657	-0.0001723	0.0004554	-0.0001214	-0.0009757	7.797051E-005	0.0011684	-0.0004349	-1.773075E-005	-5.492784E-005	-0.0010251	0.0005322	7.682538E-005	-3.664045E-005	-0.0011793	0.0006867	3.72075E-005	1.984299E-005	0.0003751	-0.0003174
	36	66	377.1552	42.86515	-47.7258	1	64.14962	-48.07125	-1.059823E-006	0.0001071	10	0.0015579	0.0999408	1466.98	0.1528529	0.001143	0.1088665	0.0896109	8.944793	-1.346721	0.0019037	0.0050919	-0.0016108	0.0010843	-0.0162244	0.012003	0.0042608	-0.0052645	0.0011481	-0.0001088	1.935847E-005	-0.0002876	0.0020536	-0.0045725	0.0006073	0.0071972	-0.0001995	0.0002277	-0.0001838	-0.0004177	9.221246E-005	0.0010485	-0.0007796	-0.0009573	-2.645503E-005	1.34873E-005	0.0010462	0.0004699	-6.230665E-005	-0.0001041	0.0012899	0.000113	-1.957454E-005	-2.254109E-005	-0.0005035	0.0001614
	37	67	298.2954	49.32904	-53.82978	1	73.01369	-47.49818	-1.482515E-006	4.360023E-005	10	0.0013688	0.0999449	1466.708	0.1666198	0.0011347	-0.1206779	0.0280371	-4.449263	7.876159	0.0037607	-0.0022614	0.0014008	0.0011726	-0.0193305	0.0022581	0.0054768	-0.0040032	-0.0008641	0.0005386	8.368213E-005	0.0002847	-0.0038268	-0.0033191	0.0070049	-0.0011835	-0.0002966	-7.959433E-006	2.59662E-005	-0.0005084	-3.564964E-005	-0.0011326	0.0011953	0.0005644	-1.320848E-005	-9.724755E-006	0.0006156	-0.0009678	0.0001511	-0.0000975	0.000901	0.0009724	1.809525E-005	6.450107E-006	0.0005393	-0.0002594
	38	69	236.7424	56.51086	-60.58394	1	82.8486	-46.9922	-1.113344E-006	0.0001064	10	0.0012058	0.0999033	1466.619	0.1805045	0.0011342	0.0514799	0.096236	8.738356	2.324382	-0.0019344	0.0029558	-0.0019601	-0.0001505	-0.0132725	-0.0130906	0.0067722	-0.000143	-1.964159E-006	0.0009119	0.0001818	-4.585833E-005	0.0022132	0.0045548	-0.0069965	0.0012586	2.740148E-005	-0.0002926	0.0004535	-0.0001503	-0.0001701	-0.0012015	0.0011626	-0.0003372	-2.176041E-005	4.344131E-005	-0.0010458	0.0003543	-8.303848E-005	0.0002375	-0.001198	0.0004822	2.537621E-005	-6.251446E-006	0.0004496	-0.0002921
	39	70	189.0121	64.25533	-67.90669	1	93.48833	-46.58256	-1.577048E-006	4.24477E-005	10	0.0010675	0.0997989	1466.708	0.1943589	0.0011538	0.0395404	0.0881571	8.525891	2.983292	-0.0020276	0.0020045	-0.0019756	-0.000266	-0.0082836	-0.0157404	0.006948	-0.0003163	-0.0002485	0.0007805	0.0002409	-4.496426E-005	-0.0000981	0.005057	-0.0070031	0.0013217	0.0001499	-0.0002418	0.0004012	-7.164479E-005	0.0006101	-0.001148	0.0012871	-0.0004678	-7.346317E-005	4.403049E-005	-0.0010634	0.0004445	-0.0002673	0.0001616	-0.0011832	0.0005891	4.136015E-005	-6.89985E-006	0.0004587	-0.0002951
	40	72	149.6011	73.29397	-76.40971	1	105.8794	-46.19231	-1.217627E-006	4.304928E-005	10	0.0009404	0.0995643	1467.07	0.2091784	0.0011781	-0.0544656	0.0654015	1.00219	8.95563	-9.311379E-005	-0.0022712	0.0011931	-0.0015839	0.0031402	0.0165469	-0.0068966	0.0009989	0.0007335	6.646197E-005	-0.0001491	-0.0002652	0.0027443	0.0042476	-0.0011509	0.0073254	0.000233	-0.0001452	0.0004326	-0.0002143	0.0011512	0.0006936	0.0011414	0.0004882	4.175355E-005	-0.0000998	-0.0001014	-0.0011036	0.0003447	2.947796E-005	0.0009737	-0.0009656	-1.633242E-005	-4.279958E-005	-0.0004858	-0.0001085
	41	73	119.1737	83.02672	-85.49964	1	119.179	-45.84069	-1.694642E-006	4.427694E-005	10	0.0008305	0.0989734	1467.07	0.2222933	0.0011975	-0.0028092	-0.0751119	-6.653633	-5.997983	-0.0017751	-0.0002727	-0.0017295	-0.0009404	-0.0117681	0.0105353	-0.0065403	-0.0031954	-0.0006233	-0.0002031	0.0002759	0.000166	0.0040863	0.0026925	0.0059369	0.0041123	5.262007E-005	0.0002489	0.0002428	0.0002278	0.0003129	-0.0013414	-0.0009893	-0.0010038	5.731819E-005	-8.444754E-005	-0.0007444	-0.0009623	-0.0003358	6.870797E-005	0.0007913	0.0012182	-2.75468E-005	1.071702E-005	0.0002508	0.0004482
	42	75	94.69697	134.8771	-93.90237	1	164.3456	-34.84591	-6.008157E-006	8.754544E-005	10	0.0006126	0.1006785	1467.07	0.2768384	5.834996E-005	0.0158324	-0.0227576	-0.0005513	-4.55619	0.0002504	-2.742445E-005	-3.810973E-006	-3.525313E-005	0.0021401	-0.0069539	4.020706E-005	-0.0001664	0.0002353	8.261799E-005	-3.47281E-005	-4.773495E-006	0.0002765	-0.0022996	1.837127E-005	-0.0001369	0.0001109	1.101433E-005	-1.896825E-005	4.776986E-005	-4.863874E-005	-0.0006565	4.288182E-005	8.834898E-005	3.836352E-005	-4.251401E-006	2.250541E-005	-4.28036E-006	-4.60276E-005	-0.0001639	-2.481975E-006	-4.49326E-005	9.320371E-006	-1.073029E-006	6.788317E-005	-1.882576E-005
	43	76	75	151.4069	-105.8873	1	184.7598	-34.96723	-5.776151E-006	8.582875E-005	9	0.0005412	0.1000005	1467.07	0.2850227	4.494202E-005	0.0140356	-0.0200738	0.0003862	-4.525509	0.000237	4.614114E-006	-4.531444E-005	-3.121863E-005	0.0021174	-0.0062565	3.942475E-005	-0.0001297	0.0002152	8.054143E-005	2.374034E-005	1.91899E-006	0.0003374	-0.0021118	-1.809374E-005	6.304542E-005	0.0001014	1.416884E-005	-1.03116E-005	7.23321E-005	-1.244608E-005	-0.0006238	-1.023989E-005	2.992246E-005	4.058264E-005	-1.308654E-006	-5.12004E-005	-1.857057E-005	-3.659105E-005	-0.0001637	2.639927E-005	5.616527E-005	1.04168E-005	-2.962188E-006	3.786525E-005	-2.247002E-005
	44	78	54.50581	165.5063	-125.7749	1	207.8742	-37.23265	-4.725968E-006	2.404443E-005	9	0.000481	0.0999978	1467.07	0.3030749	5.892275E-005	0.0263368	-0.0346709	-0.0005902	-9.05077	0.0004623	6.576474E-005	-1.046993E-005	-0.000108	0.0048428	-0.0114495	0.0001572	-0.0004434	0.000394	0.0001638	-2.515875E-005	-0.0000966	0.0010002	-0.0040522	0.0001289	-4.060626E-005	0.0001952	3.483513E-005	-5.185652E-005	-3.480353E-006	7.567886E-005	-0.0012609	5.637063E-005	-6.042422E-005	7.509894E-005	-1.504668E-008	-0.0001012	4.433538E-005	-5.072752E-005	-0.0003474	-4.131348E-006	1.151487E-005	1.943726E-005	1.892564E-006	-3.048871E-005	1.674355E-005
	45	79	45.95588	140.1201	-140.7544	1	198.6088	-45.12938	-4.411088E-006	2.187125E-005	9	0.0005034	0.0999902	1466.619	0.2764504	4.342708E-005	0.0306185	-0.0337462	-0.4560464	-9.038584	0.000357	-0.000611	0.0001041	-2.077979E-005	0.0029053	-0.0114595	-0.0002729	-2.356223E-005	0.0004246	0.000171	0.0001019	4.850794E-005	6.19705E-006	-0.0040614	-0.0001411	-7.803972E-005	0.0002104	2.692759E-006	3.919937E-006	-2.354477E-005	-0.0003566	-0.0011908	5.964655E-005	8.980371E-005	7.14896E-005	-3.095906E-005	-8.574502E-005	-4.303177E-006	-0.0002005	-0.0002816	4.602969E-005	5.35748E-005	1.660144E-005	-1.830232E-005	6.27283E-005	3.057532E-005
	46	81	37.5	156.5043	-156.2869	1	221.1768	-44.96017	-3.95113E-006	2.267277E-005	9	0.0004521	0.1000013	1466.708	0.2876346	4.933892E-005	0.0278294	-0.030002	-0.3305479	-9.04505	0.0003622	-0.0004613	-1.775567E-005	-8.123648E-005	0.0035263	-0.0104428	-0.000277	-0.0002185	0.0003833	0.0001766	-2.386421E-005	4.692236E-005	0.0004487	-0.003833	-0.0001542	-9.488804E-005	0.000198	2.172808E-005	-8.611103E-005	2.823933E-005	-0.0001633	-0.0012031	-3.727713E-005	5.296478E-005	7.268426E-005	-1.854089E-005	-3.785734E-005	-0.0000953	-0.000143	-0.0003191	3.182609E-005	9.205798E-005	1.956473E-005	-1.326626E-005	-4.440547E-006	2.226792E-006
	47	82	30.04808	177.0941	-175.24	1	249.1413	-44.69849	-4.173683E-006	2.313659E-005	9	0.0004014	0.1000013	1467.251	0.2995014	4.757045E-005	0.0249091	-0.0264446	-0.220549	-9.048394	0.0003558	-0.0003126	-0.0001105	1.857465E-005	0.0039332	-0.0093748	-0.0001094	-0.0002632	0.0003443	0.0001821	-8.158852E-005	8.256244E-005	0.0007989	-0.003534	-0.0001207	-0.0001027	0.0001854	4.073994E-005	-0.0001199	0.0001044	1.184113E-005	-0.0011679	-3.081467E-005	0.0001147	7.383729E-005	-5.200026E-006	-3.274624E-005	1.263246E-005	-8.030941E-005	-0.0003367	-5.582814E-005	8.205697E-005	2.300824E-005	-7.438387E-006	5.048048E-005	-3.058929E-006
	48	84	23.91582	196.8403	-197.335	1	278.7242	-45.07191	-3.754977E-006	2.410285E-005	9	0.0003588	0.0999961	1466.708	0.3075694	3.549638E-005	0.0226518	-0.0232656	-0.1304563	-9.049677	0.0003393	-0.0002379	-6.502681E-005	1.057819E-005	0.0041059	-0.0083566	-6.400795E-005	-0.0002659	0.0003069	0.0001828	1.37398E-005	2.558017E-005	0.0010351	-0.0032086	-3.765711E-005	-0.0001034	0.000171	5.487943E-005	2.644956E-005	-4.34483E-005	0.0001479	-0.0011007	1.467951E-005	9.96748E-006	7.257724E-005	5.676717E-006	-4.693308E-005	4.270324E-005	-2.449184E-005	-0.0003377	-3.844314E-005	-1.507159E-005	2.523538E-005	-2.879635E-006	-5.790033E-006	4.952541E-005
	49	86	18.8253	222.4652	-223.3048	1	315.2075	-45.10791	-3.322319E-006	2.371449E-005	9	0.0003173	0.1	1466.708	0.3174154	3.501713E-005	0.020214	-0.0203936	-0.0555839	-9.0508	0.0003151	-0.000158	-8.71718E-007	-2.90476E-005	0.0041483	-0.0073941	-0.0001474	-0.0001985	0.0002725	0.000178	-7.451979E-006	-2.887915E-005	0.0011927	-0.0028804	-5.153195E-005	-0.000127	0.0001553	6.414048E-005	-4.779409E-005	1.989491E-005	0.0002526	-0.0010177	-2.124999E-005	9.395438E-005	6.898819E-005	1.39511E-005	-1.697475E-005	1.329556E-005	2.300393E-005	-0.0003271	-3.003981E-006	7.790164E-005	2.575913E-005	1.482389E-006	-7.763506E-006	1.540966E-005
	50	87	15.02404	250.3195	-250.812	1	354.3536	-45.05631	-3.008635E-006	2.302517E-005	9	0.0002822	0.1000003	1466.708	0.3267249	3.091415E-005	0.0180779	-0.0180443	0.0007063	-9.050994	0.0002909	-0.000097	-8.310658E-006	-1.737254E-005	0.0040884	-0.0065808	-9.241841E-005	-0.0002058	0.000244	0.0001712	-2.860837E-005	-1.443096E-005	0.0012763	-0.0025889	-7.246948E-005	-8.405606E-005	0.0001413	6.936753E-005	-1.715776E-005	-2.888916E-005	0.0003226	-0.0009347	-1.656357E-005	7.515564E-005	6.444097E-005	1.991923E-005	-3.094832E-005	1.311302E-006	5.818723E-005	-0.0003107	-4.717848E-005	5.098316E-005	2.509164E-005	4.866306E-006	2.714759E-005	9.656185E-006
	51	89	11.95791	281.3311	-282.081	1	398.3929	-45.07626	-2.691287E-006	2.334296E-005	9	0.000251	0.1000004	1466.708	0.3350329	3.190829E-005	0.0161654	-0.0159631	0.0458928	-9.050887	0.0002656	-5.320235E-005	1.367601E-005	2.050039E-005	0.0039478	-0.0058443	-5.656435E-005	-0.0002424	0.0002177	0.0001628	-3.427082E-005	-1.896441E-005	0.0013079	-0.0023154	-4.055911E-007	-0.0001023	0.0001272	7.201149E-005	3.166497E-007	-1.127436E-005	0.0003686	-0.0008498	-3.637468E-005	3.310246E-005	5.912282E-005	2.424584E-005	-4.916593E-005	4.757242E-005	8.519182E-005	-0.00029	-7.4883E-006	1.347158E-005	2.369806E-005	7.273105E-006	8.563511E-007	3.688317E-005
	52	91	9.52744	315.8495	-317.028	1	447.5127	-45.1067	-2.399329E-006	2.451994E-005	9	0.0002235	0.1000002	1466.708	0.3426102	2.225573E-005	0.0144548	-0.0141461	0.0815537	-9.050614	0.0002411	-2.113885E-005	-3.084587E-005	-8.854201E-006	0.0037585	-0.0051916	-5.476271E-005	-0.000154	0.0001944	0.0001534	-2.451614E-005	-2.921978E-005	0.0013019	-0.0020667	1.493562E-005	-5.42492E-005	0.0001142	7.248895E-005	-1.434842E-005	-2.038118E-005	0.0003952	-0.0007679	-6.862451E-006	5.47691E-005	5.385747E-005	2.691058E-005	-1.992425E-005	-5.264884E-005	0.0001044	-0.0002674	-8.660835E-006	2.925284E-005	2.207568E-005	8.987496E-006	-1.971517E-005	-7.959549E-006
	53	93	7.524077	356.6531	-357.799	1	505.1946	-45.09189	-2.100014E-006	2.330834E-005	9	0.0001979	0.1	1466.708	0.3502018	2.847548E-005	0.0128423	-0.012492	0.1112164	-9.050286	0.0002168	4.237574E-006	-5.383511E-006	-5.025557E-005	0.0035341	-0.0045905	-5.64782E-005	-0.0001827	0.0001725	0.0001432	-2.893154E-006	-1.220056E-005	0.0012695	-0.0018336	-2.396619E-005	-0.0001288	0.0001016	7.14218E-005	1.686346E-005	1.77318E-005	0.0004077	-0.0006878	-3.200025E-006	3.092678E-005	4.841096E-005	2.846684E-005	1.254026E-005	-1.035794E-005	0.0001175	-0.0002431	-1.702365E-005	7.732492E-005	2.032876E-005	1.029225E-005	2.758065E-005	-3.337954E-005
	54	96	5.98659	400.9814	-402.1809	1	567.9222	-45.08557	-1.860978E-006	2.225044E-005	9	0.0001761	0.0999999	1466.619	0.3569134	2.722826E-005	0.0114505	-0.0110848	0.133837	-9.049967	0.000195	2.10944E-005	6.803777E-006	2.209964E-005	0.0032999	-0.0040758	-4.095352E-005	-0.0002214	0.0001534	0.000133	-3.827457E-005	-1.723546E-005	0.0012189	-0.0016313	-2.488773E-005	-6.776048E-005	9.048218E-005	6.899576E-005	-3.145076E-006	3.367115E-005	0.0004082	-0.0006161	-1.893798E-005	-1.916429E-006	4.338143E-005	2.885015E-005	9.732787E-006	-1.055736E-005	0.000125	-0.0002205	-2.554944E-005	-1.103315E-005	1.845404E-005	1.094413E-005	5.963258E-006	4.070578E-006
	55	99	4.76372	450.73	-451.9344	1	638.2806	-45.07645	-1.675087E-006	2.181922E-005	9	0.0001567	0.0999997	1466.619	0.3630797	2.952054E-005	0.0102065	-0.0098441	0.1518555	-9.049671	0.0001751	3.277277E-005	-2.455991E-005	-1.857631E-005	0.00306	-0.00362	-9.072014E-006	-0.0002341	0.0001365	0.0001228	-2.880953E-005	-1.098728E-006	0.0011565	-0.0014504	-1.390092E-005	-0.0001104	8.053755E-005	6.578263E-005	-1.06371E-005	4.879548E-006	0.0004003	-0.0005504	-1.585949E-005	2.7381E-005	3.885635E-005	2.851783E-005	9.273645E-006	7.628929E-006	0.0001282	-0.0001986	1.094304E-007	1.885626E-005	1.67604E-005	1.12889E-005	-2.201041E-005	-1.464039E-005
	56	102	3.76506	508.4785	-509.4572	1	719.7896	-45.05509	-1.43919E-006	2.278553E-005	9	0.0001389	0.0999999	1466.879	0.3689599	3.198574E-005	0.0090617	-0.0087179	0.1665821	-9.049429	0.0001564	4.087256E-005	-1.115119E-005	-2.734535E-005	0.0028151	-0.003205	-1.282338E-005	-0.0002624	0.000121	0.0001126	-1.10385E-005	-1.223636E-005	0.001085	-0.0012846	-2.23238E-006	-8.413278E-005	7.137678E-005	6.198193E-005	4.484318E-007	1.987873E-005	0.0003859	-0.0004889	-8.367003E-006	3.889785E-005	3.459767E-005	2.780066E-005	2.56598E-005	-3.601309E-006	0.000128	-0.0001774	-1.648883E-005	5.822862E-005	1.503469E-005	1.133246E-005	1.434377E-005	5.932525E-006
	57	105	3.008665	570.326	-570.9414	1	806.998	-45.03089	-1.296882E-006	2.210754E-005	9	0.0001239	0.1	1467.07	0.3741125	2.678591E-005	0.0080888	-0.0077692	0.1777166	-9.049222	0.0001403	4.544445E-005	-1.637591E-005	-9.08709E-006	0.0025883	-0.0028549	-5.852432E-006	-0.00022	0.0001079	0.0001033	-1.718756E-005	-9.075972E-006	0.0010132	-0.0011441	2.856832E-006	-9.17354E-005	6.355523E-005	5.796042E-005	-9.729994E-006	-1.99622E-005	0.0003683	-0.0004363	-3.576978E-006	1.381862E-005	3.086373E-005	2.654167E-005	-1.334748E-005	5.462323E-006	0.0001256	-0.0001591	-8.416363E-006	-1.020217E-005	1.354051E-005	1.112276E-005	1.004734E-005	-4.484785E-006
	58	109	2.38186	642.7272	-642.7033	1	908.9366	-44.99893	-1.121478E-006	2.042258E-005	9	0.00011	0.1000004	1466.619	0.3790139	2.935616E-005	0.0071849	-0.0068946	0.1869646	-9.049076	0.0001253	4.801321E-005	7.507391E-006	7.511553E-006	0.0023619	-0.0025317	-1.579803E-005	-0.0002265	0.0000957	9.393308E-005	-3.461587E-005	1.964887E-005	0.0009375	-0.001014	2.745772E-006	-0.0001225	5.624021E-005	5.377131E-005	6.572809E-006	1.076783E-005	0.0003472	-0.0003871	-9.823592E-006	4.122453E-005	2.743852E-005	2.514712E-005	-5.383511E-006	1.354457E-005	0.000121	-0.0001416	-2.803514E-006	1.110462E-005	1.213259E-005	1.076151E-005	2.335524E-006	-5.139155E-006
	59	114	1.890121	723.3273	-722.4551	1	1022.323	-44.96544	-9.816101E-007	2.155964E-005	9	0.0000978	0.1000005	1466.619	0.3834425	2.985027E-005	0.0063894	-0.0061285	0.1942125	-9.048926	0.0001118	4.878689E-005	-7.379103E-006	2.124443E-005	0.0021503	-0.0022488	-1.965114E-005	-0.0002497	8.502834E-005	8.522248E-005	1.967885E-006	-2.49953E-005	0.0008634	-0.0008999	2.730638E-006	-7.989026E-005	4.986433E-005	4.946256E-005	-2.380926E-006	4.085363E-006	0.0003247	-0.0003436	-4.289906E-006	4.812668E-005	2.437662E-005	2.353073E-005	1.579523E-006	-1.152849E-005	0.0001153	-0.0001259	-1.294841E-005	-8.919976E-006	1.076884E-005	1.025615E-005	-2.994202E-007	-1.17626E-006
	60	119	1.502404	813.2869	-811.1935	1	1148.682	-44.92617	-8.624428E-007	2.203802E-005	9	8.705616E-005	0.0999999	1466.619	0.3874673	2.931785E-005	0.0056862	-0.0054546	0.1999369	-9.048746	0.0001002	4.858399E-005	-7.280615E-007	-5.680166E-006	0.0019536	-0.0019998	1.862692E-005	-0.0002319	7.573258E-005	7.73674E-005	2.663583E-007	-1.987035E-006	0.0007923	-0.0007995	8.741627E-006	-0.0001203	4.436223E-005	4.547902E-005	-5.245675E-007	-1.50525E-007	0.0003019	-0.0003052	-1.012138E-005	3.295427E-005	2.168566E-005	2.194964E-005	3.295019E-006	-3.121211E-006	0.0001089	-0.0001119	-8.266653E-006	2.039049E-005	9.649324E-006	9.688116E-006	2.937624E-006	3.755908E-006
	61	126	1.195791	913.6711	-910.0145	1	1289.543	-44.88512	-7.607994E-007	2.158266E-005	9	7.754686E-005	0.1	1467.07	0.3911139	3.000088E-005	0.0050641	-0.0048598	0.2044618	-9.048659	8.970948E-005	4.738961E-005	5.136244E-007	-1.105364E-006	0.0017718	-0.0017805	-3.078021E-007	-0.0002479	6.747243E-005	7.006418E-005	-3.398025E-005	-1.162617E-005	0.0007247	-0.000711	5.522277E-006	-8.934557E-005	3.947659E-005	4.154766E-005	-2.54903E-006	-9.328361E-007	0.0002791	-0.0002713	-7.402386E-006	4.66631E-005	1.928599E-005	2.032897E-005	-4.335773E-006	-1.852133E-005	0.000102	-0.0000994	-1.787441E-006	3.572553E-006	8.583062E-006	9.085914E-006	1.830864E-005	4.493515E-006
	62	134	0.9486946	1028.31	-1023.188	1	1450.633	-44.85695	-8.253246E-007	2.427127E-005	9	6.893525E-005	0.0999997	1466.619	0.3944474	3.134261E-005	0.0045013	-0.0043205	0.2081352	-9.048552	8.019376E-005	4.854498E-005	-1.875334E-005	1.083547E-005	0.001601	-0.0015814	-1.083734E-005	-0.0002544	6.00607E-005	6.458789E-005	1.366483E-006	6.941496E-006	0.0006597	-0.0006305	3.123796E-005	-0.0001073	3.492035E-005	3.869913E-005	-1.807534E-005	2.364046E-006	0.0002564	-0.0002401	-1.958083E-005	3.051641E-005	1.704383E-005	1.925917E-005	-1.93757E-005	8.819858E-006	9.470929E-005	-8.777187E-005	8.404488E-006	1.557195E-005	7.490358E-006	8.884133E-006	9.957468E-006	9.803218E-006
	63	141	0.7515633	1157.052	-1148.444	1	1630.243	-44.78606	-4.876275E-007	2.318685E-005	9	6.134067E-005	0.1000002	1466.619	0.3974476	2.73209E-005	0.0040019	-0.0038482	0.2110377	-9.048528	7.20141E-005	4.341091E-005	-7.568627E-006	2.220331E-006	0.001444	-0.0014073	2.038758E-005	-0.0002199	5.356978E-005	5.686666E-005	-5.400973E-006	1.668779E-005	0.0005989	-0.0005607	-3.427268E-007	-0.0001022	3.117679E-005	3.430674E-005	-4.997944E-006	5.354057E-006	0.0002348	-0.0002137	-1.65985E-005	2.973073E-005	1.529037E-005	1.703269E-005	4.573492E-006	8.487958E-006	8.764153E-005	-7.834436E-005	-1.42376E-006	3.491645E-006	6.806149E-006	7.75333E-006	-1.527951E-005	-2.721325E-006
	64	152	0.5978954	1299.51	-1287.574	1	1829.364	-44.73566	-4.661024E-007	2.300302E-005	9	5.466375E-005	0.0999999	1466.619	0.4001486	2.983603E-005	0.0035641	-0.0034316	0.2132831	-9.048445	6.463972E-005	4.099829E-005	-2.344837E-006	2.029719E-005	0.0013025	-0.001254	7.280847E-006	-0.0002386	4.785578E-005	5.119273E-005	-8.577249E-006	-6.324787E-006	0.0005432	-0.000499	2.010888E-005	-0.0001179	2.782951E-005	3.104998E-005	-4.604227E-006	-4.216098E-006	0.0002145	-0.00019	-5.943469E-006	2.948917E-005	1.36583E-005	1.56081E-005	-1.657987E-006	1.686276E-006	8.069557E-005	-6.958443E-005	4.956499E-006	3.660214E-006	6.059134E-006	7.049366E-006	8.952338E-007	-1.008215E-005
	65	165	0.4763719	1457.706	-1443.425	1	2051.434	-44.71795	-4.320457E-007	2.275114E-005	8	4.874506E-005	0.0999973	1466.619	0.402332	2.2681E-005	0.0031778	-0.0030604	0.2148471	-9.048172	5.785617E-005	4.034713E-005	-2.411939E-005	-3.043882E-006	0.0011735	-0.0011173	-0.0001002	-0.0001445	4.273766E-005	4.721869E-005	-2.366188E-005	1.723808E-005	0.0004917	-0.0004439	-4.856825E-005	-6.786787E-005	2.473278E-005	2.880086E-005	-1.748232E-005	2.949964E-007	0.0001952	-0.0001685	-2.817786E-005	3.510446E-005	1.205097E-005	1.467503E-005	7.168856E-007	-6.642892E-006	7.388561E-005	-6.152314E-005	-1.869002E-005	1.477543E-006	5.331563E-006	6.886403E-006	6.549992E-006	4.409347E-006
	66	177	0.3780242	1638.766	-1619.363	1	2303.886	-44.65879	-3.771034E-007	2.363589E-005	8	4.340502E-005	0.1000002	1466.619	0.4044763	2.245231E-005	0.0028273	-0.0027276	0.2163013	-9.048404	5.189115E-005	3.764824E-005	4.743459E-006	-4.289527E-006	0.0010547	-0.0009947	-0.0001	-0.0001537	3.815035E-005	4.240041E-005	-9.386568E-006	-2.739253E-006	0.0004438	-0.0003948	-4.106505E-005	-5.550206E-005	2.204956E-005	2.596569E-005	6.845221E-008	-1.490116E-006	0.0001772	-0.0001497	-1.753238E-005	4.707929E-005	1.07176E-005	1.331049E-005	-7.550932E-006	-2.16614E-006	6.751164E-005	-5.460226E-005	-7.08853E-006	9.031617E-006	4.726407E-006	6.263635E-006	6.170711E-006	-3.778842E-007
	67	191	0.3004808	1840.476	-1814.603	1	2584.596	-44.59442	-3.229676E-007	2.301689E-005	8	3.869077E-005	0.1	1466.619	0.4063747	2.291215E-005	0.0025178	-0.0024339	0.2175024	-9.048354	4.655663E-005	3.486884E-005	-1.134211E-005	-8.955308E-006	0.0009477	-0.0008867	-7.683761E-005	-0.0001637	3.407096E-005	3.804249E-005	-6.610994E-006	-7.154887E-006	0.0004004	-0.0003515	-3.395929E-005	-8.454844E-005	1.963913E-005	2.337226E-005	-5.756971E-006	-6.640447E-006	0.0001606	-0.0001332	-2.417201E-005	2.550974E-005	9.544819E-006	1.203321E-005	4.227739E-006	-2.070214E-006	6.152424E-005	-4.852684E-005	2.041925E-007	-7.815427E-006	4.20252E-006	5.694283E-006	7.582363E-006	-1.539558E-005
	68	209	0.238186	2070.486	-2035.807	1	2903.69	-44.51613	-2.793038E-007	2.393175E-005	8	3.443117E-005	0.0999741	1466.708	0.4077383	2.43236E-005	0.002085	-0.0023161	-0.3997562	-9.039791	4.555004E-005	2.642921E-005	-1.201872E-005	-1.153944E-005	0.0006707	-0.0009451	-0.000099	-0.0001688	3.827056E-005	2.455771E-005	9.771436E-006	-2.773013E-006	0.0002324	-0.0004151	-4.44865E-005	-5.918766E-005	2.422736E-005	1.207657E-005	-3.028661E-006	-1.06704E-005	7.145706E-005	-0.0001715	1.028832E-005	5.962886E-005	1.265629E-005	4.585998E-006	1.101475E-005	6.848015E-006	1.833853E-005	-6.670224E-005	1.241732E-005	5.037058E-006	5.862941E-006	1.392767E-006	-2.463348E-006	-1.262035E-005
	69	232	0.1890121	2327.26	-2282.48	1	3259.732	-44.44344	-2.507414E-007	2.231826E-005	8	3.06804E-005	0.1000078	1467.251	0.4094894	2.601662E-005	0.0018843	-0.0020397	-0.2717665	-9.047592	4.027896E-005	2.562434E-005	1.316797E-005	-4.180592E-006	0.0006378	-0.0008171	-9.347593E-005	-0.0001727	3.295836E-005	2.401184E-005	-2.782606E-005	-2.607377E-005	0.0002368	-0.0003548	-4.499686E-005	-0.0001065	2.071005E-005	1.28341E-005	-1.236331E-005	-7.7663E-006	8.148629E-005	-0.0001463	1.827255E-006	3.882963E-005	1.085537E-005	5.610082E-006	-2.995134E-006	-4.054514E-006	2.569917E-005	-5.746096E-005	4.284084E-006	-8.48435E-007	5.118362E-006	2.17912E-006	6.652437E-006	-8.176082E-006
	70	259	0.1502404	2612.777	-2555.674	1	3654.87	-44.36699	-2.478529E-007	2.236292E-005	8	2.736276E-005	0.100006	1466.619	0.4108525	2.572975E-005	0.0016983	-0.0018026	-0.1706203	-9.049901	3.570103E-005	2.452066E-005	1.255143E-005	-1.801638E-005	0.0005964	-0.0007099	-7.247088E-005	-0.0001922	2.852514E-005	2.291792E-005	-2.023112E-005	-9.54338E-006	0.0002311	-0.0003043	-3.673882E-005	-8.533593E-005	1.771514E-005	1.286074E-005	-4.144386E-006	-8.393313E-006	8.445457E-005	-0.0001245	-2.42237E-006	4.576496E-005	9.246818E-006	6.037026E-006	1.024455E-005	3.665453E-006	2.908643E-005	-4.881512E-005	-7.933938E-006	-5.61541E-006	4.371617E-006	2.584846E-006	3.94322E-006	1.367647E-006
	71	292	0.1193355	2935.211	-2864.491	1	4101.313	-44.30139	-3.513977E-007	2.277421E-005	8	2.43837E-005	0.1000044	1466.98	0.4120312	2.611649E-005	0.0015258	-0.0015946	-0.0900018	-9.050915	3.168452E-005	2.403856E-005	-3.441238E-006	-1.023244E-005	0.000551	-0.0006185	-6.597583E-005	-0.000202	2.476506E-005	2.191999E-005	-1.703389E-005	3.553345E-006	0.0002198	-0.0002617	-3.05567E-005	-8.029701E-005	1.517743E-005	1.271918E-005	-2.681278E-006	-4.478731E-006	8.324057E-005	-0.0001059	2.177432E-006	4.416401E-005	7.833827E-006	6.290336E-006	1.302594E-005	5.613314E-006	3.00205E-005	-4.113878E-005	-2.40393E-005	5.855458E-006	3.657458E-006	2.896026E-006	9.078067E-006	6.610062E-006
	72	332	0.0946587	3299.519	-3211.723	1	4604.562	-44.22748	-4.403598E-007	2.273047E-005	8	2.171844E-005	0.1000034	1467.341	0.4130327	2.520102E-005	0.0013672	-0.0014124	-0.0256141	-9.051235	2.811486E-005	2.32591E-005	-5.631709E-006	1.234876E-006	0.0005045	-0.0005406	-4.108624E-005	-0.0001969	2.157289E-005	2.069417E-005	-2.259528E-005	-8.654665E-006	0.0002053	-0.0002259	-2.464513E-005	-9.360165E-005	1.304761E-005	1.22935E-005	-2.052169E-006	-9.520213E-006	7.96157E-005	-9.034677E-005	-6.035903E-006	3.261957E-005	6.64766E-006	6.294045E-006	1.159031E-006	-1.37859E-006	2.951174E-005	-3.470155E-005	-1.561502E-005	-3.695256E-006	3.058729E-006	3.04141E-006	-2.345536E-006	1.065619E-005
