EXPLAIN
TAG	EISPOT
TITLE	LABEL	Potentiostatic EIS	Test Identifier
DATE	LABEL	2/6/2024	Date
TIME	LABEL	13:03:43	Time
NOTES	NOTES	1	Notes...
	
PSTAT	PSTAT	IFC1010-20135 JB	Potentiostat
VDC	POTEN	0.00000E+000	T	DC Voltage (V)
FREQINIT	QUANT	1.50000E+006	Initial Freq. (Hz)
FREQFINAL	QUANT	1.00000E-001	A Real Number
PTSPERDEC	QUANT	1.00000E+001	Points/decade
VAC	QUANT	1.00000E+001	AC Voltage (mV rms)
AREA	QUANT	1.00000E+000	Sample Area (cm^2)
SPEED	SELECTOR	1	Optimize for:
DRIFTCOR	SELECTOR	0	Drift Correction
THD	SELECTOR	1	THD
ZGUESS	QUANT	1.00000E+002	Estimated Z (ohms)
EOC	QUANT	-3.61446E-005	Open Circuit (V)
SEQUENCER	TOGGLE	TRUE	Run as Sequence
PSTATMODEL	IQUANT	64	Pstat Model
PSTATSECTION	LABEL	IFC1010-20135	Pstat Section
PSTATSERIALNO	LABEL	20135	Pstat Serial Number
CTRLMODE	IQUANT	1	Control Mode
ELECTROMETER	IQUANT	0	RE=0 or CS=1
IESTAB	IQUANT	0	I/E Stability
CASPEED	IQUANT	3	Control Amp Speed
CONVENTION	IQUANT	1	Current Convention
ICHRANGE	IQUANT	2	Ich Range
ICHRANGEMODE	TOGGLE	F	Ich Auto Range
ICHOFFSETENABLE	TOGGLE	T	Ich Offset Enable
ICHOFFSET	QUANT	0	Ich Offset (V)
ICHFILTER	IQUANT	4	Ich Filter
VCHRANGE	IQUANT	2	Vch Range
VCHRANGEMODE	TOGGLE	F	Vch Auto Range
VCHOFFSETENABLE	TOGGLE	T	Vch Offset Enable
VCHOFFSET	QUANT	0	Vch Offset (V)
VCHFILTER	IQUANT	4	Vch Filter
IERANGELOWERLIMIT	IQUANT	4	I/E Range Lower Limit
IERANGEMODE	TOGGLE	F	I/E AutoRange
IERANGE	IQUANT	11	I/E Range
ACHSELECT	IQUANT	0	Ach Select
ACHRANGE	IQUANT	2	Ach Range
ACHOFFSETENABLE	TOGGLE	F	Ach Offset Enable
ACHOFFSET	QUANT	0	Ach Offset (V)
ACHFILTER	IQUANT	1	Ach Filter
SENSECABLEID	IQUANT	13	Sense Cable ID
PWRCABLEID	IQUANT	13	Power Cable ID
DCCALDATE	LABEL	1/30/2024	DC Calibration Date
ACCALDATE	LABEL	1/10/2018	AC Calibration Date
FRAMEWORKVERSION	LABEL	7.10.3	Framework Version
INSTRUMENTVERSION	LABEL	4.91	Instrument Version
COMMVERSION	LABEL	3.10	Communications Version
CPUPLDVERSION	LABEL	2.22	CPU PLD Version
CTRLPLDVERSION	LABEL	0.00	CTRL PLD Version
PSTATPLDVERSION	LABEL	0.00	PSTAT PLD Version
ZCURVE	TABLE
	Pt	Time	Freq	Zreal	Zimag	Zsig	Zmod	Zphz	Idc	Vdc	IERange	Imod	Vmod	Temp	Ithd	Vthd	IHr1	IHi1	VHr1	VHi1	IHr2	IHi2	VHr2	VHi2	IHr3	IHi3	VHr3	VHi3	IHr4	IHi4	VHr4	VHi4	IHr5	IHi5	VHr5	VHi5	IHr6	IHi6	VHr6	VHi6	IHr7	IHi7	VHr7	VHi7	IHr8	IHi8	VHr8	VHi8	IHr9	IHi9	VHr9	VHi9	IHr10	IHi10	VHr10	VHi10
	#	s	Hz	ohm	ohm	V	ohm	°	A	V	#	A	V	°C	#	#	A	A	V	V	A	A	V	V	A	A	V	V	A	A	V	V	A	A	V	V	A	A	V	V	A	A	V	V	A	A	V	V	A	A	V	V	A	A	V	V
	0	5	1500059	4.482619	0.6923221	1	4.535768	8.779727	1.95462E-005	-0.0003106	10	0.0020381	0.0100042	1466.889	0.0023252	0.0026639	-0.0391747	0.1802615	0.1269085	0.8965389	0.000349	-0.0001889	0.0004028	-0.0022196	-7.831973E-005	-7.52991E-005	-0.0001996	0.0002892	1.277376E-005	-1.94863E-005	-8.927869E-005	-0.0001718	-1.319268E-005	3.760699E-005	3.371853E-005	-0.0001708	-4.046769E-005	5.721624E-006	-4.237495E-005	0.0003488	-3.752227E-005	2.986092E-005	3.198232E-005	0.0000973	-2.376342E-005	-8.748874E-006	-0.0002295	-3.039971E-005	2.073173E-005	8.186311E-005	0.0002146	0.0004651	-2.630375E-006	-2.868817E-005	-5.261275E-005	0.0002923
	1	6	1191504	4.437719	0.5406972	1	4.470537	6.946749	1.10634E-005	-0.0002328	10	0.0027179	0.012747	1467.612	0.0027411	0.0031125	-0.0948715	0.226964	-0.1417865	1.144982	0.0006339	4.326319E-005	0.0027168	-0.0022033	-5.427237E-005	-0.0001865	-0.0001792	-0.0005413	5.454221E-005	-9.313518E-006	0.0002032	2.370775E-005	2.451148E-005	6.593368E-005	3.245194E-006	0.0001436	-5.989104E-006	5.49946E-005	-5.762094E-006	0.0003109	2.10749E-005	3.742287E-006	-9.460096E-005	-0.0000986	-1.799827E-005	1.601165E-005	-0.0001418	0.0001313	-2.184394E-005	-4.947419E-006	0.0003189	-0.0001081	-2.536143E-005	-6.760937E-006	7.313536E-005	2.481788E-005
	2	8	946464.9	4.413052	0.3956967	1	4.430757	5.123729	1.220447E-005	-0.0001822	10	0.0027542	0.0125664	1467.161	0.0022436	0.0022924	-0.1108051	0.2233047	-0.2714175	1.104525	0.0004607	0.0002203	0.0024617	-5.816017E-005	-0.0000987	-0.0001656	-0.0002186	-0.0003982	1.7752E-005	-2.91178E-005	1.955987E-005	1.272932E-005	6.083073E-005	5.46634E-005	0.0004511	0.0003905	-1.181942E-005	-5.424955E-007	-0.0001489	9.18312E-005	-3.103947E-005	-4.736801E-005	0.0002481	-0.0001084	1.364178E-005	-2.757681E-005	-0.0000977	4.15002E-005	-3.265441E-005	2.097757E-005	-0.0001436	-9.587967E-006	1.557102E-005	3.098755E-005	0.0001283	0.0001392
	3	9	751816.4	4.391634	0.2659523	1	4.39968	3.465533	1.895932E-005	-0.0001269	10	0.0028102	0.0125894	1467.161	0.0017321	0.0015425	0.223265	0.1218429	1.082977	0.3543175	-0.0003404	-0.0001999	-0.0015299	-0.0004262	8.488449E-005	-0.0001553	-2.332882E-005	-0.0003913	-1.040707E-005	-2.406869E-005	5.750824E-005	3.26829E-005	-1.939916E-005	3.828085E-005	-6.700494E-005	0.0002114	2.650009E-005	1.949334E-005	0.0002721	1.859642E-005	-1.86761E-005	-1.503481E-005	-0.0003528	-0.0001834	-3.408642E-006	2.687657E-005	-3.464195E-005	-4.308369E-005	2.750027E-005	3.869645E-007	0.0002138	8.920394E-005	-2.679415E-005	-2.402382E-005	2.908334E-005	-0.000264
	4	11	597246.1	4.379037	0.1539813	1	4.381744	2.013878	1.130601E-005	-0.0001263	10	0.0028474	0.0126175	1467.522	0.0012387	0.0012311	0.1408126	0.2158496	0.7665496	0.8465092	-3.066252E-005	-0.0002831	-0.0002687	-0.0011347	0.0001141	-6.644755E-005	1.008622E-005	-0.0005554	9.508571E-006	-2.451416E-006	0.0002313	-0.0003059	1.224736E-005	-6.831252E-006	0.0001284	-1.620501E-007	-6.489573E-006	2.155849E-005	4.631747E-005	-2.747774E-005	-6.332296E-006	7.66723E-006	-0.000198	0.0001928	1.553656E-005	-1.48844E-005	0.0001718	-3.448875E-005	4.210125E-005	1.508626E-005	0.0001225	8.188188E-006	4.756614E-006	-2.696179E-006	0.0001344	3.743358E-005
	5	12	474433.6	4.379314	0.036333	1	4.379465	0.4753443	1.201983E-005	-0.0001188	10	0.0028564	0.0125973	1467.612	0.0011088	0.0011763	0.0288182	-0.2569181	-0.0375787	-1.139558	0.0002346	-0.0001253	0.0010364	-0.0005976	4.610629E-006	2.675084E-005	-0.0001661	8.306466E-005	-7.927419E-005	-1.224515E-005	-0.0004087	1.748512E-005	5.406357E-005	9.197742E-006	6.518792E-005	-7.237122E-005	1.250254E-005	-3.54997E-006	-1.620315E-005	0.0001853	-6.817166E-006	2.221134E-005	-6.751065E-005	0.0001177	1.199171E-005	6.782589E-006	9.175204E-005	1.729E-005	-1.784647E-007	1.07286E-005	-0.0001636	0.0001132	-9.353274E-006	1.260848E-005	-0.0002103	0.0001033
	6	13	376816.4	4.382593	-0.0694453	1	4.383143	-0.9078161	8.333647E-006	-0.0001957	10	0.0028715	0.0126414	1467.612	0.0008814	0.0008734	0.2596177	0.0120258	1.139445	-0.1038488	-0.0001835	0.0000966	-0.0007344	0.0003672	3.772811E-005	1.185807E-006	0.0004022	0.0001201	-1.163382E-005	-3.137714E-005	-6.349851E-005	1.335274E-005	3.454908E-006	6.855861E-005	2.507219E-005	8.605921E-005	-2.536713E-005	-2.017472E-005	-0.0001102	-0.0001893	-1.980996E-005	1.898801E-005	-0.0001452	0.0002145	-6.265153E-006	-2.152927E-006	-6.977685E-005	2.81533E-005	1.746361E-006	1.708238E-005	4.560835E-005	4.924193E-006	7.22913E-006	1.33102E-006	-0.0001035	-5.121099E-005
	7	15	299355.5	4.391632	-0.1760281	1	4.395158	-2.295336	8.598809E-006	-0.0002057	10	0.0028801	0.0126933	1467.07	0.0009009	0.0008262	0.2239787	-0.1333597	0.8980634	-0.7165013	2.76377E-005	0.0001445	5.954411E-005	0.0005512	0.0001181	-7.775567E-005	0.0003997	-0.0001951	-2.690638E-005	2.634502E-005	4.549231E-005	0.0001204	0.0000973	-1.018727E-005	0.0004653	-2.754154E-005	1.47149E-005	-9.740471E-006	2.614781E-005	1.697615E-005	1.927023E-005	3.216672E-005	0.0002822	0.0001966	-1.834252E-005	-2.861023E-006	-5.716366E-005	-3.17339E-005	-5.41017E-006	-3.883616E-007	1.641037E-005	0.0001873	-8.728822E-006	-1.904089E-005	9.909272E-006	5.293451E-005
	8	16	237832	4.403515	-0.2865112	1	4.412827	-3.722657	3.933619E-006	-0.0002249	10	0.0028753	0.0127103	1467.612	0.0013249	0.0013082	-0.1416006	0.2183489	-0.4836101	1.043815	0.0001132	5.857483E-005	0.0006098	0.0002885	1.100265E-005	0.0003095	-0.0001065	0.0012611	4.284782E-006	2.795667E-005	-8.374733E-005	5.776156E-005	-9.515557E-006	7.041002E-005	0.0001133	0.0001603	7.022027E-006	2.480578E-006	1.984136E-005	-0.000154	1.697568E-006	-1.190597E-005	-0.0001083	0.0000991	-6.317511E-006	8.855714E-006	4.339311E-005	0.0001333	-1.403969E-005	-1.398032E-005	-0.0002694	-2.703257E-005	1.309486E-005	-2.010493E-007	0.0001304	-5.980489E-005
	9	18	188847.7	4.419055	-0.411893	1	4.43821	-5.325062	8.309049E-006	-0.0002293	10	0.0028701	0.012752	1466.98	0.0017383	0.001436	0.158012	0.2061896	0.8339941	0.7978684	-3.848296E-005	-0.0001453	-0.0001068	-0.0006236	-2.577901E-005	-0.0004123	-0.0002121	-0.001478	4.600093E-006	-5.085232E-005	5.760649E-005	-0.0002195	-7.172302E-005	-1.156004E-005	-1.378358E-005	0.0001391	-2.49364E-005	1.973845E-005	-3.297162E-005	-0.0001474	-2.764956E-005	1.649465E-005	-6.340265E-005	3.941916E-005	9.81125E-006	4.816218E-006	0.0001053	3.051385E-005	-2.296735E-005	-4.301314E-006	7.998198E-006	4.926696E-007	2.741348E-006	-5.883166E-006	6.659562E-005	-3.640541E-005
	10	19	150058.6	4.440541	-0.5507424	1	4.474564	-7.070061	3.984386E-006	-0.0002416	10	0.0028596	0.0128041	1467.703	0.0024945	0.0021233	-0.0146895	0.2584014	0.1327995	1.151263	0.0001494	1.005696E-005	0.0004019	-9.18246E-005	0.0002073	0.0005606	0.0007598	0.0021429	5.77932E-006	8.107168E-005	0.000216	0.00033	-0.0001382	8.65423E-005	-0.0005418	0.0003509	-2.948109E-006	2.75735E-005	-3.106054E-005	8.841744E-005	-3.222078E-005	-5.635058E-006	-1.906557E-005	3.323826E-005	-4.301439E-005	-1.590078E-006	-0.0002231	-7.955289E-005	-8.227021E-006	-2.102395E-006	-7.406064E-005	0.0002637	2.168554E-006	-1.444322E-005	1.772679E-005	-4.335051E-005
	11	21	119238.3	4.468591	-0.7101704	1	4.524671	-9.030206	4.068881E-006	-0.0002456	10	0.0028441	0.0128741	1466.98	0.0028882	0.0026476	0.2566665	-0.0196381	1.1223	-0.3133783	-0.0001773	-6.135694E-005	-0.0005877	-0.0002524	-0.0005119	-0.0004244	-0.0021801	-0.0016286	-2.821046E-005	0.0001302	6.758515E-005	0.0007293	-0.0001305	0.0001624	-0.0006539	0.0006813	-6.940263E-005	2.6742E-005	-0.0002631	5.465094E-005	3.526302E-005	6.415392E-005	4.266948E-005	0.0003	2.589461E-005	-1.378357E-006	0.0002192	3.278349E-005	2.636854E-005	-2.877251E-005	6.536115E-005	6.682798E-005	6.585848E-006	-3.352003E-005	0.0002218	-6.219664E-005
	12	22	94746.09	4.500792	-0.9001769	1	4.589929	-11.31016	3.394841E-006	-0.0002526	10	0.0027615	0.0126786	1467.612	0.0013887	0.0013868	0.1688192	-0.1843149	0.5639009	-0.99943	-2.456061E-005	5.97043E-005	-0.0001882	4.105596E-005	-0.0001407	-0.0002778	-0.000634	-0.0012424	-3.348274E-005	-1.121342E-005	-0.0001549	-6.392879E-005	-0.000126	-9.877317E-006	-0.0004779	-3.472763E-005	-2.640597E-005	7.826835E-006	-0.0002486	2.967566E-005	-1.151115E-005	2.338749E-005	-0.0001128	8.035498E-005	1.233767E-005	3.520603E-006	0.0002007	0.0002772	-4.385133E-006	7.512339E-006	-1.5478E-005	-5.266071E-005	-2.077475E-005	-1.978187E-007	-0.0002073	0.0002179
	13	24	75292.97	4.53925	-1.113475	1	4.673822	-13.78247	7.511429E-006	-0.0002472	10	0.002652	0.0123972	1467.07	0.0005886	0.0007016	0.2117778	0.1129862	1.093694	0.2507241	-8.900814E-005	-4.728198E-005	-0.0004568	0.000275	-8.640626E-005	-4.476403E-006	-0.000404	4.473515E-005	-3.152993E-006	-5.042414E-006	0.0000981	0.0001513	-9.02929E-006	3.566337E-005	-3.133761E-005	0.0001843	-4.807314E-006	4.383503E-006	1.409859E-005	0.0001046	-4.904229E-006	3.586989E-006	-5.480508E-005	0.0002295	3.18198E-006	-2.075499E-005	-0.000106	-7.894264E-005	1.12073E-005	1.190929E-006	0.0000958	-7.018169E-005	1.042849E-005	-1.319498E-005	5.745888E-005	-3.226382E-005
	14	25	59824.22	4.599046	-1.404743	1	4.808796	-16.98488	3.116784E-006	-0.0002552	10	0.0025477	0.0122529	1467.703	0.0005828	0.0007736	-0.2265077	-0.0432277	-1.100065	0.1405649	-0.0001162	-1.93608E-005	-0.000171	0.0006002	1.226319E-006	-4.726614E-005	1.335517E-005	-0.0002905	1.069345E-005	-1.410639E-005	8.051284E-006	-7.633028E-005	-1.689908E-005	-3.78769E-006	0.0001482	-0.0002313	-1.406484E-005	-7.633121E-006	-0.0001242	-1.435541E-005	-1.3076E-005	-4.186063E-006	6.1756E-006	5.195942E-005	-1.63638E-005	-1.108693E-005	-0.0001738	-6.306917E-005	-1.472025E-005	1.65659E-005	-7.543388E-005	0.0003101	-9.469514E-007	-8.516946E-007	-0.0001043	0.0001241
	15	27	47519.53	4.668945	-1.740212	1	4.982709	-20.44146	2.844932E-006	-0.0002567	10	0.0023668	0.0117939	1467.612	0.000704	0.0007158	0.1490546	-0.153858	0.4132308	-0.984233	5.809288E-005	0.0001212	0.0004978	-0.0001195	-7.044758E-006	-4.297333E-005	-9.077416E-005	-0.0003124	-1.545763E-006	2.548099E-006	6.084237E-005	5.917251E-005	4.257832E-005	-3.943454E-006	0.0001371	-0.0002335	-5.564188E-006	1.46486E-005	0.0001712	-0.0001532	-9.523706E-006	-9.611483E-006	7.373653E-005	-7.097424E-005	1.540419E-005	1.026737E-005	0.0002087	8.697063E-005	7.751398E-006	-5.052106E-006	-0.0001348	3.020372E-005	-8.389355E-006	-2.242392E-006	3.609806E-005	-2.204534E-005
	16	28	37792.97	4.757885	-2.148526	1	5.220501	-24.30258	7.399911E-006	-0.0002521	10	0.0021604	0.0112791	1467.612	0.0009975	0.0010504	0.1374519	-0.1390792	0.3435313	-0.961326	7.148157E-005	0.0001573	0.0008276	-0.0002892	-7.463422E-005	-6.773627E-006	-0.0005097	0.0001707	1.950393E-005	-2.060435E-006	-0.0001488	-5.976379E-005	1.522258E-005	-2.599054E-005	5.26284E-005	1.966965E-005	1.367502E-006	-7.220894E-006	-0.000144	-0.0001404	-6.193238E-006	1.678825E-005	-4.974979E-005	-3.963396E-005	-1.678482E-005	-1.008925E-005	-3.462833E-005	-5.489787E-005	2.049957E-005	-1.000473E-006	-4.172093E-006	-6.18219E-005	5.717622E-006	7.532653E-006	0.0000956	4.362245E-005
	17	30	29941.41	4.878582	-2.657048	1	5.555221	-28.57427	3.034333E-006	-0.0002583	10	0.001936	0.010755	1467.612	0.0015526	0.001345	0.1566333	0.0785439	0.972507	-0.0423591	-0.0001931	-0.0001421	-0.0008763	0.0007142	8.407258E-005	5.054715E-005	0.0001661	0.0004382	9.510433E-006	3.892288E-006	5.913898E-006	-0.0001955	-3.859681E-005	-6.034971E-005	-1.659431E-005	-0.0003305	-1.105433E-005	-1.650292E-005	-0.0001051	1.853798E-005	-7.956057E-006	4.333153E-006	3.55579E-006	-0.0001251	9.670155E-006	-1.034647E-005	-6.123447E-005	-4.145364E-005	-1.549581E-005	-1.152512E-006	-0.0001555	-7.262874E-005	-1.555891E-005	2.269074E-005	-3.470761E-005	7.473305E-005
	18	31	23847.66	5.036342	-3.26552	1	6.002363	-32.95902	2.809559E-006	-0.0002581	10	0.0017066	0.0102439	1466.98	0.0020201	0.0015093	0.1426928	0.0591452	0.9104902	-0.1750758	-0.0002302	-0.0001668	-0.0008978	0.0009069	0.0001024	-3.895604E-005	0.0003218	-0.0002336	2.016407E-005	3.330642E-007	-0.0001103	-2.846122E-005	-5.074475E-005	-6.527408E-006	-0.000173	2.928777E-005	4.296773E-006	-2.883759E-005	3.53558E-005	-7.837558E-005	1.088088E-005	6.280607E-006	0.0001455	-0.0001279	-1.021172E-005	3.625173E-006	-4.499686E-005	-2.107874E-005	-1.241523E-005	-1.218496E-005	9.177788E-005	-5.107444E-005	-7.787662E-006	5.421345E-006	-8.418383E-005	0.0002498
	19	32	18925.78	5.262391	-4.023503	1	6.624299	-37.4007	7.138673E-006	-0.0002529	10	0.0015029	0.0099556	1467.703	0.0026498	0.001402	0.1359115	0.0055485	0.7343903	-0.5221237	-0.0003257	-7.902145E-005	-0.0002818	0.0010746	-3.289607E-005	-0.0001001	-0.0002197	-0.0003216	-8.498203E-006	7.442781E-006	-0.0001018	0.0001227	6.142736E-005	1.626962E-005	0.0003349	-0.0001636	-3.456535E-005	-1.569896E-005	-6.584545E-005	0.0001099	4.202593E-007	1.196645E-005	6.882474E-007	-5.828404E-005	1.796108E-005	1.007807E-005	-4.876825E-005	-3.530831E-005	-2.879766E-006	-9.38587E-006	-1.531746E-005	1.387671E-005	-1.119179E-005	-1.109019E-005	0.0001482	-1.566485E-006
	20	34	15058.59	5.575166	-4.925779	1	7.439475	-41.46129	7.400192E-006	-0.0002511	10	0.0013179	0.0098049	1466.98	0.0033735	0.0014036	-0.0718679	-0.0952073	-0.8704971	-0.1725818	0.0002536	-0.0002655	-0.0006216	-0.0005147	-8.787495E-005	-0.000097	-0.0006157	-0.0002269	2.219703E-005	8.548028E-006	3.882684E-005	-8.925983E-005	4.642038E-005	6.605437E-005	0.0002249	0.0003784	1.41972E-005	-1.623848E-006	0.0002483	5.771918E-005	-2.774014E-005	-3.038251E-005	-5.608332E-005	-0.0001799	6.361515E-006	1.403794E-006	0.0001333	-9.171992E-005	-2.174382E-005	1.42511E-005	-0.0003	0.0001521	-4.661154E-006	-1.629751E-005	0.0001377	-8.733851E-005
	21	35	11863.43	6.036978	-6.054549	1	8.55001	-45.08326	-3.110422E-006	-0.0001573	10	0.0011439	0.0097802	1467.612	0.0041772	0.0016582	0.0349732	0.0974464	0.80256	0.3734798	0.0003936	2.249505E-005	-0.0001275	-0.0009513	2.871075E-005	0.0001222	0.000524	0.0006103	-4.929026E-006	4.102942E-006	9.065401E-005	-8.537388E-005	5.981477E-005	-0.0000972	-1.501199E-005	-0.0006056	1.775473E-005	1.179631E-005	-0.0002604	-0.0000971	-3.024374E-005	-1.998153E-006	2.506422E-006	-0.0001945	-6.004878E-006	-2.681767E-005	1.188135E-005	-0.0002203	5.125999E-006	-3.200898E-006	-3.968366E-005	0.0001275	-4.106086E-006	-2.448113E-005	-0.000137	-5.858183E-005
	22	37	9432.87	6.660078	-7.326765	1	9.90142	-47.72895	2.23175E-006	0.0001298	10	0.0009881	0.0097835	1467.474	0.0049992	0.0015433	0.0860827	0.0242314	0.7498184	-0.471044	8.989824E-006	-0.0004003	-0.0007053	0.0000971	7.566123E-007	-0.000146	-0.0002826	-0.0008027	1.213014E-005	1.536022E-005	2.049608E-005	4.270161E-005	0.0001205	3.820298E-005	0.0006763	3.992673E-005	-4.033523E-006	-1.558394E-006	7.091183E-005	5.885959E-007	-1.797434E-005	1.993562E-005	-0.0001846	0.0002307	-1.901797E-005	-1.749936E-005	-0.0001419	-0.0001951	-2.726854E-006	-2.028317E-005	-8.365327E-005	-5.223929E-005	8.98257E-007	8.333707E-006	7.180806E-005	0.0001001
	23	38	7558.594	7.481	-8.736893	1	11.50212	-49.42807	9.618971E-007	5.756291E-005	10	0.0008571	0.0098587	1467.431	0.0059226	0.0013526	-0.069375	0.0347144	-0.2141302	0.8662323	-0.0003616	-0.0001809	-4.110603E-005	0.0004102	0.0001419	-6.797025E-005	0.0004242	-0.0006269	3.393623E-006	4.462301E-006	4.838035E-005	-7.224852E-006	0.0001325	-6.532862E-005	0.0005182	-0.0006252	-1.081382E-006	-1.231645E-006	-7.805346E-005	7.480796E-005	2.129038E-005	1.87807E-007	0.0001799	-5.588501E-005	6.74295E-006	-1.198633E-005	5.931593E-005	-3.425266E-005	2.181507E-006	8.767558E-006	-1.121289E-005	-8.428587E-006	8.503965E-006	1.263141E-005	-3.906201E-006	7.118331E-006
	24	39	5960.648	8.659381	-10.4163	1	13.54563	-50.26225	2.386493E-006	0.0001314	10	0.0007283	0.0098659	1467.522	0.0062068	0.0012609	0.0270397	-0.0601205	-0.3932412	-0.8017093	-0.0002895	0.0002133	0.0002702	5.859882E-005	0.0000991	8.014272E-005	0.0007504	6.315764E-006	-1.046574E-006	2.108538E-005	3.38325E-005	0.0001174	0.0001124	-7.359642E-005	0.0003126	-0.0006299	1.075029E-005	2.030516E-006	-3.581821E-005	-0.0001054	-1.168583E-005	-2.446532E-005	-9.408641E-005	-0.0000957	2.094899E-005	-2.046742E-005	5.057175E-005	-0.0001184	-2.271841E-005	-3.049406E-005	-0.0001492	-3.883802E-005	-9.553042E-006	-8.594944E-006	-5.136338E-005	-0.0002131
	25	41	4746.094	10.12942	-12.15456	1	15.82209	-50.19271	-2.803219E-006	4.692998E-005	10	0.0006264	0.0099106	1466.889	0.0065615	0.0014143	0.0172349	0.0540097	0.8314363	0.3366584	9.37625E-005	0.0003043	7.24534E-005	-0.0002711	-4.445821E-005	0.0001177	0.0003384	0.0007204	-5.318435E-007	-2.065499E-006	5.072728E-005	-2.918649E-005	8.644676E-005	-0.0001086	0.00012	-0.0008643	-1.374123E-006	1.513213E-005	-5.15557E-006	8.27508E-005	-2.128165E-005	2.108101E-005	5.069282E-005	0.0001832	1.013791E-005	-1.647324E-005	-1.350418E-006	-0.0002039	5.4923E-006	-1.024647E-005	1.386413E-005	-0.000151	-1.597186E-005	3.421621E-006	-0.0001513	4.134886E-005
	26	42	3761.574	12.01353	-13.9903	1	18.44054	-49.34718	2.104886E-006	0.0001305	10	0.0005394	0.009947	1467.522	0.0065234	0.0013696	-0.0483288	0.0069198	-0.4832694	0.759604	8.333952E-005	-0.0002513	-0.0001067	0.0001359	6.040395E-005	8.379715E-005	0.0006974	-2.208864E-005	7.180905E-006	-1.17045E-005	0.0001008	-0.0001045	-1.540151E-005	0.0001373	0.0004831	0.0008123	3.114808E-006	4.341811E-006	0.0001102	-2.820557E-005	-9.981625E-006	-5.881565E-006	4.050741E-005	-8.828846E-005	-7.683063E-006	2.274854E-005	5.184207E-005	0.0001768	-1.988217E-005	-7.385505E-006	-0.0001234	6.250083E-005	-1.173985E-005	7.547234E-006	-8.918858E-005	7.691304E-005
	27	44	2993.223	14.24329	-15.75122	1	21.2361	-47.87804	1.817605E-007	0.0001299	9	0.0004843	0.0102845	1467.161	0.0077654	0.0016288	0.0058939	0.0434351	0.7682232	0.5256575	-0.0001111	0.0002669	0.0004767	0.0001841	-0.000103	6.355281E-005	0.0001163	0.0010377	-9.510318E-006	3.165638E-006	-3.467827E-005	6.739283E-005	0.0001237	-3.025482E-005	0.0004981	-0.000774	-8.023229E-006	-2.82017E-006	2.120622E-005	4.784006E-005	-2.228032E-005	-9.75268E-006	-0.0001851	7.97722E-005	1.375658E-005	9.406853E-006	2.188398E-005	-3.278722E-006	-8.742995E-006	1.526216E-005	-1.175958E-005	0.0002135	3.127221E-006	-8.223812E-006	1.291581E-005	-6.988506E-005
	28	45	2372.685	16.85502	-17.48052	1	24.28292	-46.04367	1.803403E-007	0.000129	9	0.0004062	0.0098642	1467.07	0.0069669	0.0015296	0.0170055	0.0325978	0.8565002	0.2520245	2.496046E-006	0.0002085	4.057179E-005	-0.0001295	-2.596137E-005	9.150561E-005	0.0006887	0.0005115	8.571078E-007	2.37528E-006	7.098366E-006	6.353995E-005	2.495828E-006	-0.0001047	-0.0007156	-0.0006687	-1.38398E-005	9.759402E-006	-0.0001244	5.684077E-005	-4.005912E-006	2.719637E-005	0.000099	0.0001429	4.36182E-006	-1.731764E-005	-9.23992E-005	-0.0002212	1.220823E-005	-2.398135E-005	-3.191015E-005	-0.0001874	-2.022302E-006	4.159752E-006	-6.203389E-005	3.141572E-005
	29	47	1886.433	19.70693	-19.04909	1	27.40859	-44.02755	-1.173644E-007	5.825617E-005	9	0.0003615	0.0099075	1467.522	0.0063116	0.0013619	0.025221	-0.02084	0.0999235	-0.8911438	-2.929845E-005	-0.0001647	-0.0001371	0.0001381	-7.390559E-005	-3.063004E-006	-0.0001783	0.0008026	2.111599E-006	7.086797E-006	-1.781806E-005	-6.178884E-005	-7.26764E-005	4.797589E-005	-0.0001092	0.0008234	-6.998977E-006	5.84143E-007	4.440453E-005	6.094808E-005	-1.603695E-005	2.364421E-005	4.622992E-005	0.0001788	-1.015724E-005	-1.342799E-005	-2.008583E-005	-6.226591E-005	-1.083147E-005	1.507098E-005	-9.862707E-006	0.000173	7.403141E-007	-7.030104E-006	6.670319E-005	-7.063757E-005
	30	48	1506.696	22.68215	-20.45009	1	30.53991	-42.03763	-9.382682E-007	5.33969E-005	9	0.0003257	0.0099473	1466.889	0.0063083	0.0013941	0.0237766	-0.0174286	0.1827902	-0.8815734	2.207572E-005	-0.0001414	-7.751119E-005	8.740276E-005	-6.459862E-005	-3.064012E-005	-0.0003697	0.000681	-1.87946E-006	6.027229E-006	6.827014E-005	-7.95331E-005	-8.277851E-005	1.203077E-005	-0.0004928	0.0007469	5.020747E-006	-9.888013E-006	5.177595E-005	-1.320522E-005	-2.412529E-005	1.618571E-006	-0.0001865	0.000125	-4.758732E-006	-1.828656E-005	-0.0001836	-0.0001278	-2.957137E-005	-3.096626E-006	-0.0001093	0.0001468	-2.083456E-006	8.702409E-007	0.0001124	1.036562E-005
	31	49	1185.994	25.9882	-21.84122	1	33.9474	-40.04464	1.883554E-007	0.0001305	9	0.0002937	0.0099702	1467.522	0.0054539	0.0014031	0.0193922	0.0181813	0.9010752	0.0488707	4.071451E-006	0.0001217	-0.0001232	2.384186E-006	-8.016506E-006	5.132012E-005	0.0008555	5.585694E-005	-2.369983E-006	-3.864582E-006	6.944407E-006	-1.241127E-005	-3.93584E-005	-2.495089E-005	-0.0008192	0.0001796	3.109162E-007	4.601283E-006	0.0001118	4.614313E-005	1.385846E-005	6.967923E-006	0.0002126	-2.442114E-005	-1.698651E-005	-8.664677E-006	-0.0001202	5.894806E-005	-2.168649E-005	-9.275559E-006	-0.0002442	0.0001009	1.054944E-005	-3.139139E-007	1.25207E-005	3.540423E-005
	32	51	948.6607	29.15633	-23.09542	1	37.19529	-38.38357	-1.083442E-007	5.857697E-005	9	0.0002682	0.0099756	1466.889	0.0049524	0.0012578	0.0168949	0.01743	0.8951536	0.1179378	-2.343577E-005	9.220419E-005	4.678534E-005	-2.384838E-005	-2.3998E-005	4.125851E-005	0.0007751	9.053666E-005	7.71918E-006	-2.467656E-006	7.263385E-006	8.767075E-005	-1.698475E-005	-4.695342E-005	-0.0006737	-3.855304E-005	2.473331E-006	-5.064184E-006	2.631312E-005	-4.898758E-007	1.145635E-005	-9.163633E-007	0.0003355	0.0001212	-1.339417E-006	3.490277E-007	-0.0001056	3.594067E-005	-4.943752E-006	-1.285831E-005	-0.0001323	3.88138E-005	5.186637E-006	1.346687E-005	0.0001695	0.0001639
	33	52	752.3148	32.48415	-24.42716	1	40.64365	-36.94213	1.388937E-007	0.0001312	9	0.0002457	0.0099869	1467.522	0.0046993	0.0013739	0.0220358	-0.0030071	0.6423236	-0.6359884	7.951823E-005	2.717048E-005	3.967376E-006	0.0001621	3.493203E-005	-1.579682E-005	-0.0006843	-0.0004926	-7.420328E-006	-7.157943E-007	-6.099733E-005	0.0001489	3.424208E-005	-6.144206E-006	0.0003196	-0.0007077	8.642528E-006	1.078703E-005	5.666411E-005	0.0001768	-6.756241E-006	2.099696E-006	0.0001623	5.556946E-005	-1.96515E-005	1.122915E-005	-0.0001776	0.0001327	-8.499033E-006	1.590635E-005	0.0001349	0.0001406	-5.221868E-006	-4.451961E-006	-0.0001582	-1.399803E-005
	34	54	599.564	35.8164	-25.83732	1	44.16313	-35.80602	-8.728928E-007	5.381733E-005	9	0.0002259	0.0099771	1467.522	0.0046849	0.0013631	0.0019767	-0.0203516	-0.4550662	-0.7799749	-3.866029E-005	-6.460111E-005	9.124167E-006	-0.0002209	-2.114768E-005	2.548454E-005	0.0008383	-0.0001779	8.229254E-006	7.766765E-006	7.624226E-005	3.75919E-005	3.050147E-005	-2.465021E-005	-5.948451E-005	-0.0007777	6.830232E-007	-4.666885E-006	-2.170168E-005	-0.0001968	-6.834963E-006	-5.390038E-006	-0.0000962	-0.0001464	8.216852E-006	-1.049257E-005	0.0001187	-4.334563E-005	-1.352431E-005	2.187648E-006	-7.512363E-005	0.0001138	-1.226641E-005	-1.148745E-005	-6.303565E-005	-8.831826E-005
	35	55	474.0168	39.33536	-27.48066	1	47.98392	-34.93911	-8.120196E-008	8.992662E-005	9	0.0002083	0.0099956	1466.799	0.0049336	0.0013485	0.0147783	0.0117067	0.9029977	0.0554168	-4.453805E-005	5.721452E-005	-0.0002698	-4.258008E-005	-3.524023E-005	2.784195E-005	0.0008222	-0.0001343	-2.021552E-007	2.027693E-006	-9.612181E-006	-0.0000954	-2.987641E-005	-1.208228E-005	-0.0007463	0.0003252	-1.429959E-006	-2.404122E-006	2.111588E-005	-1.260545E-005	9.728625E-006	4.508825E-006	2.662931E-005	-6.24492E-005	-3.825845E-006	7.144481E-007	-9.3597E-005	5.184673E-006	-1.346692E-005	2.73496E-006	-0.000131	0.0001274	-3.944298E-008	2.823508E-006	-9.729761E-006	-1.463108E-005
	36	56	377.1552	42.87435	-29.31938	1	51.9407	-34.36605	-1.99024E-007	8.759178E-005	9	0.0001923	0.0099861	1467.431	0.0046573	0.0012544	0.0155515	0.0078062	0.8957728	-0.1204511	-2.606429E-005	5.727322E-005	-0.0002478	0.0001083	-2.225125E-005	3.357555E-005	0.0004347	-0.0005584	2.766465E-006	1.994282E-006	5.578389E-006	-1.484342E-005	-1.544664E-005	2.120808E-005	2.050667E-005	0.0007982	-1.479784E-007	-3.580878E-006	-3.526407E-005	-5.872362E-005	1.078981E-006	-9.620505E-006	-0.0001216	-0.0001724	-1.382636E-006	9.292446E-006	3.390666E-005	3.906339E-005	5.050912E-006	4.477786E-006	0.0001346	-4.90817E-005	4.041212E-006	-5.3821E-006	3.661029E-006	-3.5994E-005
	37	58	298.2954	46.65431	-31.53851	1	56.31432	-34.05886	-2.331655E-007	3.164046E-005	9	0.0001771	0.0099757	1467.341	0.0045529	0.0011758	-0.0143778	0.0070946	-0.4476123	0.7841356	5.198599E-005	1.396112E-005	0.0001333	5.234452E-005	-3.873837E-005	1.693747E-005	0.0005926	-0.0003607	1.883007E-006	5.113499E-006	1.946618E-005	0.0001098	1.81401E-005	7.955328E-006	0.0007198	-0.0001121	4.314221E-006	1.771376E-006	-2.900662E-005	-0.0000979	1.145527E-007	5.989939E-006	9.463332E-005	8.947274E-005	6.256785E-006	-5.859111E-007	-2.739043E-005	-0.0001167	2.182293E-006	6.024141E-006	0.0001174	0.0001443	8.895935E-006	2.003519E-006	5.502254E-005	-5.361276E-005
	38	59	236.7424	50.61563	-34.09766	1	61.02944	-33.96652	-1.78238E-007	8.923834E-005	9	0.0001638	0.0099973	1467.341	0.0049371	0.0011837	0.0096978	0.0112147	0.8731309	0.2374755	-5.346851E-005	2.921151E-007	-0.0001612	-1.233816E-005	-3.516973E-005	-2.29829E-005	0.0007232	-1.95019E-006	-1.916109E-006	5.928887E-007	-6.794931E-006	9.683892E-006	-2.227081E-005	-9.443888E-006	-0.0006849	0.0002286	3.650621E-007	-2.253437E-006	5.406805E-005	-5.845913E-006	9.546589E-006	1.032007E-006	0.0001516	-0.0001141	-3.767244E-006	5.662005E-007	-5.886938E-005	-5.791989E-005	-4.559553E-006	1.217268E-007	-7.890259E-005	4.185829E-005	2.329194E-006	2.564142E-006	0.0001512	-8.018688E-007
	39	60	189.0121	54.75065	-36.9781	1	66.06824	-34.03474	-2.805824E-007	2.759678E-005	9	0.000151	0.0099761	1467.341	0.0050063	0.0012546	0.0081958	0.0109364	0.8530027	0.2961059	-4.835342E-005	-1.360786E-005	-0.0002318	-3.959379E-005	-2.363993E-005	-3.325205E-005	0.0007198	3.48622E-005	-1.126122E-006	1.815744E-006	-0.0001363	5.882233E-006	-1.476689E-005	-1.010674E-005	-0.0007605	0.0002473	3.311654E-006	-8.00661E-007	0.0001198	1.328066E-005	5.433221E-006	2.43634E-006	7.130904E-005	-1.217146E-005	-1.61412E-006	-1.962806E-006	-6.71018E-007	1.816265E-005	-6.781579E-006	-4.516071E-006	-0.0001612	-6.075018E-006	6.826784E-006	1.430068E-006	5.786959E-005	3.092736E-005
	40	62	149.6011	59.36863	-40.44086	1	71.83382	-34.262	-1.398168E-007	3.187516E-005	9	0.0001387	0.00996	1466.799	0.0056457	0.0010912	-0.0059465	0.011051	0.0935505	0.896606	3.88095E-005	-1.888209E-005	-3.10191E-005	-0.0001036	1.220336E-005	5.127958E-005	-0.000582	3.61253E-005	4.871697E-006	-1.306071E-006	5.969149E-005	-3.462891E-005	-9.062163E-006	1.228347E-005	-0.0001934	0.0007056	1.230826E-006	1.301858E-006	5.574548E-005	-4.80963E-005	3.268156E-006	7.447794E-006	5.228852E-005	0.0001356	3.52367E-006	-1.072818E-006	-2.015883E-005	-8.93497E-005	1.000422E-006	-2.88718E-006	8.298137E-005	-0.0001824	-7.089617E-007	-5.221657E-006	-2.23972E-005	1.35107E-005
	41	63	119.1737	64.25283	-44.35278	1	78.0743	-34.61674	-3.471006E-007	3.005667E-005	9	0.0001266	0.0098874	1467.341	0.0067217	0.0012359	-0.0026354	-0.0111551	-0.6639197	-0.6000551	-1.087197E-005	-4.715121E-005	-6.147661E-005	-3.787131E-005	-4.619585E-005	3.116195E-005	-0.00066	-0.0003757	-4.402283E-007	-1.306857E-006	-4.335401E-005	1.234049E-005	5.311449E-008	2.021653E-005	0.0006003	0.0004468	1.371958E-006	5.694419E-007	0.0001154	-1.283735E-005	-5.403902E-006	-3.474547E-006	-0.0001737	-4.197938E-005	-7.030122E-007	-2.335503E-006	1.408439E-005	-4.05144E-005	-2.466814E-006	3.497029E-006	4.075957E-005	0.0001654	2.607173E-006	2.056026E-006	2.575049E-005	4.952867E-005
	42	65	94.69697	80.77085	-45.05658	1	92.48798	-29.15418	-1.203664E-006	9.304382E-005	9	0.0001089	0.0100735	1467.341	0.0065989	0.0002495	0.0024013	-0.0043045	0.0001172	-0.455876	2.017135E-005	6.983077E-006	-4.260918E-006	2.197066E-005	1.003806E-006	-2.292858E-005	2.073555E-005	2.626161E-005	-1.089538E-006	3.805402E-006	1.435156E-005	3.296376E-005	3.160403E-006	1.534871E-006	6.69912E-006	3.667118E-005	-3.331335E-007	2.628203E-006	4.507287E-005	-2.12813E-006	-1.273314E-006	3.088506E-006	8.991803E-006	-3.539434E-005	2.61626E-006	2.999768E-007	-1.016993E-005	-1.611642E-005	-2.037996E-007	-1.452609E-006	3.304501E-005	3.466557E-005	-2.528836E-006	3.730169E-006	5.049515E-007	5.107024E-005
	43	66	75	88.01109	-50.37029	1	101.4057	-29.78326	-1.293821E-006	8.78892E-005	9	0.0000986	0.0100005	1466.889	0.007196	0.0004458	0.0022172	-0.0038733	0.0001257	-0.4525722	1.928816E-005	2.558226E-006	6.975536E-005	-8.173364E-005	2.897668E-006	-2.424013E-005	-6.136136E-005	-7.487573E-005	-3.18054E-007	-9.899796E-007	1.02499E-005	-1.330249E-005	-2.986293E-006	2.434716E-006	-6.481901E-005	6.381492E-005	-4.374194E-006	2.719738E-006	-6.583066E-005	-1.299637E-005	-1.4541E-006	2.483965E-006	9.524869E-006	5.832349E-006	9.606265E-007	-7.694326E-008	6.949197E-005	4.897302E-006	-4.837421E-007	2.233101E-007	-9.922312E-006	-9.431272E-006	-4.564173E-007	2.164044E-006	2.925278E-005	-2.675865E-005
	44	67	54.50581	94.55318	-59.83079	1	111.8929	-32.32456	-1.010563E-006	2.848619E-005	9	8.935414E-005	0.0099981	1467.341	0.0082987	0.0003438	0.0043245	-0.0068341	0.0001222	-0.904925	4.178753E-005	1.841057E-005	0.0001239	-6.121577E-006	1.381556E-005	-4.618341E-005	8.885341E-006	6.676409E-005	1.724256E-007	4.651408E-006	-5.859167E-005	1.42716E-005	6.370101E-009	4.882249E-007	6.253948E-005	5.62465E-006	-1.623888E-006	3.393076E-006	-0.0001504	3.576276E-005	-3.287595E-006	1.400347E-006	-0.0001082	0.0001027	-2.658686E-006	3.955685E-006	8.14352E-005	0.0001174	7.428462E-007	3.035942E-006	-1.366838E-005	-5.864248E-006	3.224995E-007	3.749787E-006	8.139585E-006	4.87169E-005
	45	69	45.95588	90.82166	-67.75523	1	113.3108	-36.72386	-1.010883E-006	2.885359E-005	9	8.824439E-005	0.0099993	1466.98	0.0078514	0.0002398	0.0044441	-0.0066364	-0.0456681	-0.9038769	3.931351E-005	6.907583E-006	9.44644E-005	-4.316866E-005	3.537516E-006	-4.796283E-005	-2.468168E-005	2.876976E-005	-2.486922E-007	2.403168E-006	-0.0000965	7.087702E-005	-8.789649E-007	2.555702E-006	1.488999E-005	-1.537488E-005	-5.920666E-007	1.532528E-006	-9.185973E-005	3.228174E-005	-5.751282E-007	1.605829E-006	5.186256E-005	4.701375E-006	1.640583E-007	1.451743E-006	2.207409E-005	4.445523E-005	-5.570292E-007	1.289531E-006	-1.125958E-005	-6.711694E-005	-1.116885E-006	1.446262E-006	-2.410414E-005	-1.480524E-005
	46	70	37.5	98.2171	-74.48279	1	123.2651	-37.17481	-9.078986E-007	2.615205E-005	9	8.111245E-005	0.0099985	1467.522	0.0082417	0.0001998	0.0042166	-0.0060098	-0.0331894	-0.90435	3.722848E-005	9.878143E-006	9.160081E-005	4.115298E-005	7.362221E-006	-4.584718E-005	6.444752E-007	-2.804741E-005	-3.350325E-007	2.406526E-006	-1.570839E-005	-9.403449E-006	-7.511627E-007	2.025327E-006	3.409339E-005	5.614635E-005	-7.726631E-007	1.571378E-006	-7.610059E-005	1.17115E-005	-3.526658E-007	1.96072E-006	-2.566865E-005	-2.534199E-005	1.248445E-007	1.296332E-006	2.250657E-005	-1.673508E-005	-7.689597E-008	1.063558E-006	1.123617E-005	-7.505599E-005	-5.983239E-007	6.701739E-007	5.610147E-005	1.532258E-005
	47	72	30.04808	107.3014	-82.70924	1	135.4784	-37.62549	-9.903483E-007	2.836853E-005	9	7.382112E-005	0.0100013	1466.98	0.0086074	0.0002034	0.0039466	-0.0053914	-0.0222083	-0.9049383	3.435619E-005	1.343437E-005	6.981241E-005	6.349434E-005	1.062708E-005	-4.244416E-005	3.705663E-005	-9.679367E-006	-6.328738E-007	3.142836E-006	-3.701938E-005	-8.531425E-006	-4.782306E-007	2.133957E-006	-6.215171E-005	-1.922261E-005	-4.491777E-007	1.970777E-006	-6.675925E-005	3.150167E-005	1.280569E-009	9.543946E-007	6.584974E-005	8.215342E-006	3.443165E-007	2.244447E-006	-1.82644E-006	-3.078231E-005	-6.171359E-007	2.378878E-006	3.900635E-005	7.318944E-005	-6.002193E-007	7.385152E-007	-1.333415E-005	1.333654E-006
	48	73	23.91582	116.8535	-92.46804	1	149.0137	-38.35514	-8.976808E-007	2.760887E-005	9	6.710461E-005	0.0099996	1467.522	0.0089862	0.0001634	0.0036982	-0.0048179	-0.0131607	-0.9049614	3.198153E-005	1.457262E-005	-3.403525E-005	-3.880195E-005	1.295938E-005	-3.938334E-005	3.717485E-005	2.972093E-005	-1.085355E-007	2.48689E-006	-6.594463E-006	1.209676E-005	-4.342001E-007	2.184726E-006	-9.599667E-006	-2.869032E-005	-5.310468E-007	1.878256E-006	-6.946503E-006	2.717337E-005	-4.478935E-007	1.408755E-006	2.494257E-006	-4.759379E-005	3.854802E-008	1.573135E-006	1.271098E-005	3.925388E-005	-7.015006E-007	1.657167E-006	-2.964575E-005	2.131856E-006	-8.792777E-007	1.017102E-006	-0.0001009	-5.349081E-006
	49	75	18.8253	128.5789	-103.8621	1	165.2872	-38.93019	-7.944146E-007	2.540208E-005	9	6.050529E-005	0.0100008	1467.07	0.0095207	0.0001504	0.0034135	-0.0042823	-0.0057051	-0.9051502	2.965924E-005	1.548408E-005	8.354546E-007	5.481257E-005	1.522517E-005	-3.674481E-005	1.979637E-005	2.63281E-005	-2.616726E-007	2.265049E-006	-4.709216E-005	-2.650626E-005	-3.405658E-007	1.686301E-006	1.941167E-005	-4.617976E-005	-4.891518E-007	1.8229E-006	-2.262998E-005	4.548798E-005	-2.641064E-007	1.132798E-006	2.143311E-005	-9.493001E-006	3.845562E-007	1.449236E-006	4.100299E-005	-4.199559E-005	3.8297E-008	9.376927E-007	3.935682E-005	1.548501E-005	-3.964161E-007	7.797262E-007	-5.732E-006	2.498078E-005
	50	76	15.02404	140.6928	-115.9309	1	182.3032	-39.48854	-5.912659E-007	2.772767E-005	8	5.483757E-005	0.0099971	1467.431	0.009858	0.0001594	0.0031541	-0.0038322	-0.0003745	-0.9048329	2.736033E-005	1.573346E-005	6.602384E-005	-2.68051E-005	1.589567E-005	-3.363276E-005	5.717506E-006	-8.032833E-006	-1.329972E-007	2.034963E-006	-4.057075E-008	-3.391865E-005	-3.254864E-007	1.706031E-006	3.265776E-005	1.780911E-005	-1.644985E-007	1.349565E-006	9.923067E-006	-2.655806E-005	-2.032648E-007	1.13591E-006	4.222966E-007	-6.029747E-005	1.268709E-007	1.356761E-006	3.913982E-005	-3.952991E-005	-3.508722E-007	9.646392E-007	-1.518941E-005	1.554337E-005	-5.726762E-007	6.52055E-007	-6.742107E-005	2.339252E-005
	51	78	11.95791	154.7774	-129.6089	1	201.8775	-39.94243	-5.299297E-007	2.571178E-005	8	4.953113E-005	0.0099992	1467.522	0.0101212	0.000182	0.0028937	-0.0034241	0.0041977	-0.9050177	2.495378E-005	1.566091E-005	8.265488E-007	-2.362209E-005	1.610192E-005	-3.033521E-005	-3.059785E-005	7.277028E-005	-6.089978E-008	1.791744E-006	-4.583144E-005	-3.607604E-005	-1.475455E-007	1.216489E-006	-4.173263E-005	3.754722E-005	-2.089291E-007	1.30107E-006	-2.542848E-005	3.407328E-005	-4.26062E-007	1.411867E-006	-9.094715E-006	7.55389E-005	1.167427E-007	1.121121E-006	4.418334E-005	-2.869596E-005	-6.325719E-008	6.920509E-007	1.921027E-006	-3.763281E-005	-6.344309E-007	7.397539E-007	-3.026961E-005	3.279687E-005
	52	80	9.52744	170.5317	-144.9031	1	223.7811	-40.35501	-4.740668E-007	2.636804E-005	8	4.468774E-005	0.0100003	1466.98	0.01046	0.0001587	0.0026451	-0.0030598	0.0077853	-0.9050886	2.268255E-005	1.542281E-005	3.83603E-005	-4.292579E-005	1.643587E-005	-2.754888E-005	-1.951226E-005	5.075871E-005	-4.223694E-008	1.749681E-006	1.412875E-006	1.295543E-005	-3.073365E-008	1.00821E-006	3.468106E-005	-7.496427E-005	-2.223642E-007	1.041428E-006	5.007663E-006	-2.550225E-005	-2.724046E-007	9.965252E-007	8.698262E-006	3.623636E-005	1.728076E-007	1.082949E-006	5.428703E-005	-8.225718E-006	-2.159213E-007	7.776453E-007	-8.547098E-006	-3.893657E-006	-3.571005E-007	4.522662E-007	-2.819803E-005	-3.734933E-005
	53	82	7.524077	188.6707	-162.7832	1	249.1887	-40.78731	-4.189227E-007	2.439017E-005	8	4.01332E-005	0.0100007	1466.98	0.0107747	0.000171	0.0024054	-0.0027219	0.0108177	-0.9050995	2.057324E-005	1.497133E-005	2.44751E-005	-1.737917E-005	1.604853E-005	-2.488106E-005	-9.027427E-007	0.0001046	-6.304618E-008	1.518068E-006	-3.424369E-005	2.976609E-006	-2.013403E-007	9.800797E-007	1.881202E-005	1.38747E-005	-3.025634E-007	1.100872E-006	1.961359E-005	3.714037E-005	-2.285633E-007	9.921696E-007	-4.997947E-005	1.765101E-005	1.564331E-010	1.088638E-006	2.552828E-005	3.035773E-005	-1.154294E-007	8.534153E-007	3.461368E-005	2.903683E-005	-1.044355E-007	4.737176E-007	-3.33337E-005	-3.3001E-005
	54	84	5.98659	208.4563	-182.2436	1	276.8876	-41.16167	-3.720609E-007	2.44349E-005	8	3.61164E-005	0.0100002	1466.98	0.0110905	0.0001271	0.0021868	-0.0024297	0.0131108	-0.9050189	1.847544E-005	1.433717E-005	3.165894E-005	1.824426E-005	1.581597E-005	-2.261299E-005	-1.819598E-005	6.004573E-005	3.034802E-008	1.413463E-006	9.181997E-006	9.971744E-006	-9.217912E-008	8.300622E-007	-2.293062E-006	-2.316769E-005	-2.386987E-007	8.991474E-007	-4.174797E-005	4.081438E-005	-1.92369E-007	8.224624E-007	1.398098E-005	-1.926906E-006	1.403423E-007	8.647212E-007	1.401757E-006	2.264569E-006	-2.017787E-007	6.904265E-007	-2.184726E-005	1.258741E-008	-3.766691E-007	4.700723E-007	-3.906716E-005	4.014785E-005
	55	86	4.76372	230.6234	-204.0375	1	307.9261	-41.49988	-3.319443E-007	2.632297E-005	8	3.247495E-005	0.0099999	1466.889	0.0113612	0.0001031	0.0019837	-0.0021689	0.0149991	-0.904962	1.675174E-005	1.35523E-005	4.063288E-005	5.925951E-006	1.516376E-005	-2.039966E-005	-9.770448E-007	1.766082E-005	-4.877803E-008	1.249135E-006	-4.193106E-005	1.486333E-005	-1.729204E-007	8.041948E-007	7.148046E-006	1.122906E-005	-1.194621E-007	7.67749E-007	1.683168E-005	-3.425369E-005	-2.812576E-007	7.900881E-007	-1.313555E-005	1.204685E-005	9.787436E-008	8.532106E-007	5.133569E-005	2.756555E-006	-2.520283E-007	4.993026E-007	-6.145042E-006	3.508045E-006	-2.64492E-007	3.469804E-007	-3.915456E-006	-8.521821E-006
	56	88	3.76506	256.1534	-229.2682	1	343.7709	-41.8299	-2.892575E-007	2.266271E-005	8	2.908899E-005	0.01	1466.889	0.0116011	0.0001319	0.0017912	-0.0019297	0.0164351	-0.9049432	1.49915E-005	1.274143E-005	5.014436E-005	-1.298109E-005	1.444431E-005	-1.826473E-005	6.082351E-006	5.280426E-005	4.339745E-008	1.149431E-006	-2.625064E-005	-2.286106E-006	7.497874E-009	6.653336E-007	-2.104146E-005	-2.115516E-005	-1.746321E-007	6.417231E-007	-2.240943E-005	-4.370929E-005	-1.9853E-007	6.516293E-007	1.260021E-006	1.728418E-005	5.359834E-008	7.082908E-007	4.789166E-005	1.76279E-005	-9.987344E-008	5.129659E-007	-8.431206E-006	3.195149E-006	-2.193447E-007	3.231917E-007	-4.019842E-005	-1.231277E-005
	57	91	3.008665	283.4818	-256.2178	1	382.1118	-42.10805	-2.568292E-007	2.712014E-005	8	2.617125E-005	0.0100003	1466.889	0.0118019	0.0001134	0.0016221	-0.0017262	0.0175851	-0.9049572	1.350907E-005	1.191021E-005	4.395866E-005	2.036085E-005	1.358423E-005	-1.642328E-005	-2.046183E-005	6.176218E-005	1.778608E-008	1.0124E-006	-5.724695E-006	-3.419417E-006	-7.114796E-008	6.376031E-007	2.162997E-007	1.047059E-005	-9.929864E-008	6.160399E-007	1.996203E-006	-2.460471E-005	-1.193403E-007	5.359416E-007	-8.19011E-006	3.943278E-007	2.874913E-008	6.803248E-007	3.566046E-005	1.88109E-005	-1.118042E-007	4.570493E-007	-3.139756E-005	-1.170281E-005	-1.826338E-007	2.822162E-007	-9.640819E-006	1.692351E-005
	58	94	2.38186	315.368	-287.6718	1	426.8631	-42.37039	-2.239515E-007	2.550229E-005	8	2.342667E-005	0.01	1466.889	0.0120434	8.892956E-005	0.0014607	-0.0015369	0.0185478	-0.9049051	1.211604E-005	1.106546E-005	2.396072E-005	7.967319E-006	1.273674E-005	-1.477396E-005	-8.633158E-006	2.55097E-005	3.008608E-008	9.457931E-007	-1.6017E-005	9.695141E-007	-4.558752E-008	5.007887E-007	-7.210621E-006	4.263784E-006	-1.404988E-007	5.09764E-007	-1.65746E-005	1.108959E-005	-1.82763E-007	5.46534E-007	-8.052682E-006	2.619634E-005	8.577626E-008	5.781394E-007	2.494067E-005	2.555977E-005	-1.510453E-007	3.973901E-007	-1.147279E-005	2.799551E-005	-1.899898E-007	1.885774E-007	-3.587875E-005	-1.269955E-005
	59	97	1.890121	350.8193	-322.6134	1	476.6064	-42.60164	-1.954232E-007	2.571074E-005	8	2.098147E-005	0.0099999	1466.889	0.0121792	8.531041E-005	0.0013149	-0.0013701	0.0192899	-0.9048825	1.083584E-005	1.017641E-005	3.579404E-005	-1.076915E-007	1.178391E-005	-1.317206E-005	-5.001378E-006	3.507156E-005	5.527909E-009	7.889453E-007	-3.133412E-005	-7.215103E-006	-1.729495E-008	4.531075E-007	-1.241249E-005	5.477792E-006	-1.077806E-007	4.19891E-007	-6.169256E-006	-9.405355E-006	-1.429871E-007	4.669241E-007	-1.248485E-005	2.294852E-005	7.735071E-008	4.527678E-007	3.010302E-005	1.036345E-005	-5.218682E-008	2.667211E-007	-1.350854E-005	2.050641E-006	-1.473018E-007	1.86511E-007	-1.406382E-005	7.761992E-007
	60	101	1.502404	390.31	-361.4865	1	531.991	-42.80439	-1.681293E-007	2.609568E-005	8	1.879827E-005	0.0100005	1466.889	0.0123504	8.700903E-005	0.0011832	-0.0012226	0.019888	-0.9049247	9.722406E-006	9.324964E-006	2.445851E-005	9.787298E-006	1.087785E-005	-1.18488E-005	-1.456819E-005	4.219778E-005	2.538582E-008	6.99805E-007	-1.917832E-005	5.224909E-006	-6.348274E-009	3.38021E-007	-4.817471E-006	1.212233E-006	-9.556608E-008	3.991454E-007	9.445328E-006	-9.004144E-006	-9.273391E-008	4.004569E-007	-7.948315E-006	-2.3658E-006	2.680645E-008	4.753351E-007	2.7256E-005	9.036172E-006	-1.517201E-007	3.345899E-007	-1.359053E-005	1.650944E-005	-1.523222E-007	1.692633E-007	-3.940115E-005	4.738118E-006
	61	106	1.195791	434.3064	-404.7479	1	593.669	-42.9824	-1.449385E-007	2.653476E-005	8	1.684443E-005	0.01	1466.889	0.0124896	8.829351E-005	0.0010642	-0.0010917	0.0203518	-0.9048692	8.715597E-006	8.507023E-006	3.368512E-005	5.004295E-007	1.002429E-005	-1.062164E-005	1.913315E-006	5.227697E-005	2.203888E-008	6.044279E-007	-1.817398E-005	-1.848865E-005	4.838512E-010	3.241653E-007	-9.121345E-006	7.380491E-006	-1.079388E-007	3.079549E-007	-6.497722E-006	-5.881027E-006	-1.271128E-007	3.593273E-007	-9.001146E-006	1.335426E-005	4.227968E-008	3.648074E-007	2.693469E-005	-3.353534E-006	-6.02795E-008	2.149218E-007	-2.456363E-006	-6.478586E-006	-1.295011E-007	1.166632E-007	-2.0601E-005	-1.263811E-005
	62	111	0.9486946	484.4492	-454.2022	1	664.0713	-43.15435	-1.491274E-007	2.429204E-005	8	1.505852E-005	0.0099999	1466.889	0.0126476	8.972466E-005	0.0009547	-0.0009727	0.0206935	-0.9048542	7.759898E-006	8.082518E-006	3.076292E-005	3.839199E-006	9.181375E-006	-9.271846E-006	-4.258386E-006	4.691975E-005	-3.374226E-010	7.048607E-007	-5.39393E-006	8.593284E-006	-2.267461E-008	4.018473E-007	9.925425E-006	1.678707E-005	-8.746066E-008	4.023846E-007	-1.085553E-005	8.680036E-006	-1.629032E-007	3.882819E-007	-1.702504E-005	3.748367E-005	3.814421E-009	4.520634E-007	2.953818E-005	3.021123E-007	-9.375436E-008	2.587844E-007	-6.615913E-006	4.584159E-006	-1.394619E-007	1.815156E-007	-8.790929E-006	-5.312061E-006
	63	117	0.7515633	541.0196	-509.63	1	743.253	-43.28872	-1.28584E-007	2.461273E-005	8	1.345462E-005	0.0100002	1466.799	0.0127426	0.0000953	0.0008553	-0.0008668	0.0210181	-0.9048693	6.91753E-006	7.298009E-006	3.655255E-005	-2.495908E-006	8.350326E-006	-8.30804E-006	-1.231092E-005	4.982156E-005	-1.638819E-008	5.932222E-007	-3.1749E-005	1.130904E-005	-2.883098E-010	3.381449E-007	9.141804E-007	1.063955E-005	-8.864391E-008	3.302293E-007	-7.688302E-006	-2.939014E-006	-1.174549E-007	3.700166E-007	-3.286522E-006	1.737491E-005	2.263368E-008	3.375771E-007	3.358221E-005	7.218376E-006	-6.026859E-008	2.329471E-007	-1.502354E-005	2.102315E-006	-8.679946E-008	1.334893E-007	-2.042399E-005	9.385694E-007
	64	124	0.5978954	603.3885	-570.5555	1	830.4284	-43.39796	-1.119315E-007	2.668704E-005	8	1.204218E-005	0.0100002	1466.889	0.012878	0.0001033	0.0007673	-0.0007741	0.021277	-0.9048616	6.221539E-006	6.586161E-006	4.829434E-005	4.789559E-006	7.62022E-006	-7.497281E-006	-1.417578E-005	4.537131E-005	-2.504749E-009	4.943195E-007	-2.644607E-005	-1.044748E-006	2.588513E-008	2.567572E-007	2.078014E-008	-7.868396E-006	-8.984263E-008	2.84919E-007	3.018387E-006	1.215237E-005	-7.93125E-008	2.951733E-007	-1.003198E-005	2.633504E-005	2.532579E-008	3.120558E-007	4.195308E-005	1.02319E-005	-8.019107E-008	1.698518E-007	-3.650873E-006	-1.075627E-005	-1.114049E-007	1.054123E-007	-2.016474E-005	4.531132E-006
	65	132	0.4763719	672.7834	-638.2109	1	927.3352	-43.48939	-9.740306E-008	2.631109E-005	8	1.078406E-005	0.0100004	1466.799	0.0129734	0.0000971	0.0006883	-0.000692	0.0214564	-0.9048823	5.586373E-006	5.927451E-006	4.737556E-005	-1.185023E-005	6.949245E-006	-6.728457E-006	-1.012208E-005	3.629221E-005	1.884018E-008	4.082901E-007	-1.810584E-005	-3.267081E-006	1.002172E-008	2.166209E-007	9.230862E-006	-4.145427E-006	-6.194569E-008	2.14656E-007	-6.474526E-006	4.977221E-006	-1.001799E-007	2.349359E-007	-5.822863E-006	2.59452E-005	1.714852E-008	2.567799E-007	3.850175E-005	-5.653522E-006	-7.021209E-008	1.656163E-007	2.917077E-007	6.376402E-006	-8.658391E-008	8.331881E-008	-3.277022E-005	-8.642936E-006
	66	141	0.3780242	751.9543	-715.118	1	1037.704	-43.56168	-8.413138E-008	2.683524E-005	8	9.636198E-006	0.0099995	1466.799	0.0130556	7.703707E-005	0.0006159	-0.0006175	0.0215919	-0.9047956	5.000868E-006	5.314273E-006	3.209733E-005	1.469901E-005	6.321147E-006	-6.012313E-006	-7.193333E-006	3.566845E-005	2.765319E-008	3.515493E-007	-1.645673E-005	9.868883E-006	-1.633453E-009	1.833166E-007	-2.030342E-006	1.169639E-005	-5.360017E-008	1.786041E-007	-9.76355E-006	-8.592179E-007	-5.852418E-008	1.781132E-007	1.34483E-006	2.520935E-005	4.900448E-008	2.060529E-007	2.720981E-005	9.608571E-006	-2.790148E-008	1.395069E-007	3.447145E-006	6.958871E-006	-5.693074E-008	7.804738E-008	-1.246607E-005	1.518638E-007
	67	153	0.3004808	840.2173	-800.6144	1	1160.581	-43.61738	-7.149379E-008	2.728132E-005	8	8.616748E-006	0.0100004	1466.799	0.0131606	8.265556E-005	0.0005514	-0.0005516	0.0216843	-0.9048765	4.480075E-006	4.767735E-006	3.902675E-005	-2.698395E-006	5.72865E-006	-5.433873E-006	-3.502938E-006	2.726969E-005	9.996256E-009	2.798135E-007	-1.457488E-005	-6.619624E-006	2.095658E-008	1.332321E-007	2.857501E-006	-3.572955E-006	-3.961487E-008	1.407482E-007	-9.343553E-006	9.082461E-006	-6.03277E-008	1.537712E-007	-9.30144E-006	2.908984E-005	1.381341E-008	1.793981E-007	2.209947E-005	1.12588E-005	-2.953311E-008	1.273281E-007	6.871909E-006	1.252008E-005	-6.693927E-008	4.407093E-008	-3.260081E-005	-7.021286E-006
	68	168	0.238186	941.3098	-898.0015	1	1300.95	-43.65117	-6.242671E-008	2.582628E-005	8	7.69061E-006	0.0100048	1467.431	0.0131617	0.0001059	0.0004578	-0.0005243	-0.0400202	-0.9046432	4.520838E-006	3.664602E-006	4.17853E-005	-2.308353E-005	4.027076E-006	-5.806339E-006	2.3211E-005	4.948463E-005	3.972991E-008	2.399081E-007	-3.127731E-006	-1.237777E-005	7.151357E-009	9.540656E-008	2.668006E-006	7.887109E-006	-4.04466E-008	1.103508E-007	-1.580431E-005	4.399393E-006	-3.892184E-008	1.294211E-007	3.973488E-006	3.723867E-005	4.496633E-008	1.27108E-007	3.479631E-005	-1.200283E-005	-2.494517E-008	9.78248E-008	-7.280499E-006	8.172123E-006	-6.116626E-008	5.883498E-008	-2.00955E-005	1.188618E-005
	69	186	0.1890121	1053.396	-1005.748	1	1456.425	-43.67445	-5.532097E-008	2.788872E-005	8	6.866906E-006	0.0100009	1466.98	0.0132063	8.793335E-005	0.0004155	-0.0004622	-0.0272241	-0.9047707	3.936706E-006	3.414008E-006	4.332804E-005	-3.542286E-006	3.866954E-006	-5.016447E-006	2.458016E-005	2.632962E-005	2.459365E-008	1.895992E-007	-2.754142E-005	2.219938E-006	-1.673016E-009	9.728433E-008	2.502929E-008	-3.963099E-006	-3.043078E-008	9.826715E-008	-5.886542E-006	-4.665985E-006	-2.674051E-008	1.233398E-007	2.913177E-006	-3.078487E-006	4.720459E-008	1.10141E-007	3.517186E-005	1.367938E-006	-3.249671E-008	9.04322E-008	8.727657E-007	1.290985E-005	-5.775747E-008	2.589763E-008	-2.941222E-005	-4.812436E-006
	70	209	0.1502404	1178.383	-1125.197	1	1629.311	-43.67738	-5.227963E-008	2.625349E-005	8	6.137925E-006	0.0100005	1467.612	0.0133128	0.0001003	0.0003761	-0.0004089	-0.0170649	-0.9049773	3.49478E-006	3.167223E-006	5.780463E-005	1.511138E-005	3.638866E-006	-4.374293E-006	9.727955E-006	4.04051E-005	1.530771E-008	1.797522E-007	-2.762349E-005	1.292425E-005	8.372353E-009	7.824269E-008	1.821609E-006	1.29338E-005	-2.770412E-008	8.976315E-008	-4.258241E-006	-6.143791E-006	-3.184415E-008	9.229689E-008	-2.607994E-006	1.852825E-005	2.173101E-008	9.579844E-008	2.94231E-005	-4.800212E-006	-2.827528E-008	7.876565E-008	-4.482457E-006	1.001719E-005	-4.930099E-008	3.114042E-008	-2.057711E-005	2.464367E-006
	71	235	0.1193355	1319.139	-1260.63	1	1824.641	-43.70074	-7.283909E-008	2.749992E-005	7	5.478705E-006	0.0099966	1466.98	0.0133468	9.32536E-005	0.0003389	-0.000362	-0.0093212	-0.9047398	3.024697E-006	3.152054E-006	4.426175E-005	-2.243433E-005	3.353584E-006	-3.638058E-006	-7.308438E-006	2.916394E-005	3.728474E-009	2.956397E-007	-3.0233E-005	2.636123E-006	-9.572887E-009	1.808385E-007	-6.017276E-006	1.307286E-006	-4.095592E-008	1.71524E-007	-4.972798E-006	-1.02054E-006	-4.891718E-008	1.697248E-007	7.96828E-006	1.411739E-005	1.452509E-008	1.58916E-007	3.876339E-005	-4.200935E-006	-3.143987E-008	1.261469E-007	1.802051E-006	6.027229E-006	-6.08734E-008	8.655365E-008	-3.063632E-005	-2.62112E-006
	72	267	0.0946587	1478.74	-1413.182	1	2045.423	-43.70138	-9.969629E-008	2.636191E-005	7	4.889579E-006	0.0100012	1467.333	0.013513	8.915742E-005	0.0003048	-0.0003209	-0.0028244	-0.9052014	2.639753E-006	3.145864E-006	3.915193E-005	-2.846763E-005	3.072141E-006	-3.002569E-006	1.544814E-005	2.255059E-005	-1.968283E-008	4.020567E-007	-9.151351E-006	-1.189772E-005	-3.069999E-008	2.805067E-007	2.083939E-005	1.225571E-005	-5.433368E-008	2.301841E-007	-7.997675E-006	-1.458025E-005	-5.66206E-008	2.105858E-007	-3.230235E-006	-1.136908E-005	-1.851049E-008	2.125066E-007	3.507768E-005	-2.903107E-007	-5.489802E-008	1.76E-007	-1.72836E-006	1.775188E-005	-7.463997E-008	1.223086E-007	-2.543559E-005	-1.156499E-006
