EXPLAIN
TAG	EISPOT
TITLE	LABEL	Potentiostatic EIS	Test Identifier
DATE	LABEL	2/6/2024	Date
TIME	LABEL	13:25:50	Time
NOTES	NOTES	1	Notes...
	
PSTAT	PSTAT	IFC1010-20135 JB	Potentiostat
VDC	POTEN	0.00000E+000	T	DC Voltage (V)
FREQINIT	QUANT	1.50000E+006	Initial Freq. (Hz)
FREQFINAL	QUANT	1.00000E-001	A Real Number
PTSPERDEC	QUANT	1.00000E+001	Points/decade
VAC	QUANT	5.00000E+001	AC Voltage (mV rms)
AREA	QUANT	1.00000E+000	Sample Area (cm^2)
SPEED	SELECTOR	1	Optimize for:
DRIFTCOR	SELECTOR	0	Drift Correction
THD	SELECTOR	1	THD
ZGUESS	QUANT	1.00000E+002	Estimated Z (ohms)
EOC	QUANT	-3.61446E-005	Open Circuit (V)
SEQUENCER	TOGGLE	TRUE	Run as Sequence
PSTATMODEL	IQUANT	64	Pstat Model
PSTATSECTION	LABEL	IFC1010-20135	Pstat Section
PSTATSERIALNO	LABEL	20135	Pstat Serial Number
CTRLMODE	IQUANT	1	Control Mode
ELECTROMETER	IQUANT	0	RE=0 or CS=1
IESTAB	IQUANT	0	I/E Stability
CASPEED	IQUANT	3	Control Amp Speed
CONVENTION	IQUANT	1	Current Convention
ICHRANGE	IQUANT	2	Ich Range
ICHRANGEMODE	TOGGLE	F	Ich Auto Range
ICHOFFSETENABLE	TOGGLE	T	Ich Offset Enable
ICHOFFSET	QUANT	0	Ich Offset (V)
ICHFILTER	IQUANT	4	Ich Filter
VCHRANGE	IQUANT	2	Vch Range
VCHRANGEMODE	TOGGLE	F	Vch Auto Range
VCHOFFSETENABLE	TOGGLE	T	Vch Offset Enable
VCHOFFSET	QUANT	0	Vch Offset (V)
VCHFILTER	IQUANT	4	Vch Filter
IERANGELOWERLIMIT	IQUANT	4	I/E Range Lower Limit
IERANGEMODE	TOGGLE	F	I/E AutoRange
IERANGE	IQUANT	11	I/E Range
ACHSELECT	IQUANT	0	Ach Select
ACHRANGE	IQUANT	2	Ach Range
ACHOFFSETENABLE	TOGGLE	F	Ach Offset Enable
ACHOFFSET	QUANT	0	Ach Offset (V)
ACHFILTER	IQUANT	1	Ach Filter
SENSECABLEID	IQUANT	13	Sense Cable ID
PWRCABLEID	IQUANT	13	Power Cable ID
DCCALDATE	LABEL	1/30/2024	DC Calibration Date
ACCALDATE	LABEL	1/10/2018	AC Calibration Date
FRAMEWORKVERSION	LABEL	7.10.3	Framework Version
INSTRUMENTVERSION	LABEL	4.91	Instrument Version
COMMVERSION	LABEL	3.10	Communications Version
CPUPLDVERSION	LABEL	2.22	CPU PLD Version
CTRLPLDVERSION	LABEL	0.00	CTRL PLD Version
PSTATPLDVERSION	LABEL	0.00	PSTAT PLD Version
ZCURVE	TABLE
	Pt	Time	Freq	Zreal	Zimag	Zsig	Zmod	Zphz	Idc	Vdc	IERange	Imod	Vmod	Temp	Ithd	Vthd	IHr1	IHi1	VHr1	VHi1	IHr2	IHi2	VHr2	VHi2	IHr3	IHi3	VHr3	VHi3	IHr4	IHi4	VHr4	VHi4	IHr5	IHi5	VHr5	VHi5	IHr6	IHi6	VHr6	VHi6	IHr7	IHi7	VHr7	VHi7	IHr8	IHi8	VHr8	VHi8	IHr9	IHi9	VHr9	VHi9	IHr10	IHi10	VHr10	VHi10
	#	s	Hz	ohm	ohm	V	ohm	°	A	V	#	A	V	°C	#	#	A	A	V	V	A	A	V	V	A	A	V	V	A	A	V	V	A	A	V	V	A	A	V	V	A	A	V	V	A	A	V	V	A	A	V	V	A	A	V	V
	0	5	1500059	4.567802	0.732677	1	4.62619	9.112641	8.082754E-005	0.0006766	11	0.014303	0.0738116	1466.98	0.0030902	0.0050643	1.02234	-0.7941734	4.172026	-5.217804	0.0032187	0.001933	0.0289794	-0.0094278	-0.0011851	-0.0006298	-0.011755	0.0086622	-1.483597E-006	-1.453143E-005	-0.0003854	0.0004349	-1.827255E-005	-0.0002354	0.0008152	-0.0005928	4.38774E-005	-2.483837E-005	0.0002452	-0.0002466	8.854177E-005	0.0001012	-0.0002611	-0.0001244	-2.20174E-005	-3.319607E-005	-0.0002068	7.368624E-006	0.0001146	6.459653E-005	0.0010355	8.104369E-006	7.721037E-005	6.840844E-005	0.0002693	0.0001658
	1	6	1191504	4.526899	0.5630426	1	4.561779	7.089873	2.56424E-005	0.0002148	11	0.0142602	0.0700139	1466.889	0.0038433	0.0055811	-1.18983	-0.5001775	-6.181049	-1.396903	-0.0037624	0.0019044	-0.0141577	0.0247234	-0.0024591	-0.0008049	-0.0180951	0.0103497	-6.982871E-005	7.095304E-005	0.0001375	0.000284	0.0001714	-6.156881E-005	-0.0002627	-0.0001695	0.0001029	5.623093E-005	0.0001267	0.0002188	-4.811493E-005	5.684397E-005	-0.000354	0.0009954	-0.000118	1.032185E-005	-0.0006386	0.0007124	-3.546664E-005	0.0002252	0.0001115	0.0015056	-1.939014E-006	-1.69673E-005	0.0001396	-0.0001518
	2	8	946464.9	4.509233	0.4134515	1	4.528148	5.238801	3.485972E-005	0.0002529	11	0.0142078	0.0675166	1467.341	0.0043032	0.0060031	-0.5536936	1.16064	-1.843269	5.826274	0.0033262	-0.0017293	0.0143848	-0.0175711	0.0011082	-0.0039045	-0.0080587	-0.0275901	3.190245E-005	5.884375E-005	0.0003848	0.0003347	-0.0001363	-0.0001254	-0.0006543	0.0015115	1.059473E-005	-3.701636E-005	0.000102	-0.0003336	0.000187	1.084991E-005	0.0003975	0.0003219	2.626143E-005	8.836854E-006	0.0003337	0.0001371	-1.28501E-005	4.823599E-005	-1.547765E-005	0.0003489	4.866254E-005	0.0001129	0.000241	0.0005077
	3	9	751816.4	4.498653	0.2876418	1	4.507839	3.658485	3.412346E-005	0.0002664	11	0.0142767	0.0663978	1466.98	0.0056485	0.0072452	1.20981	0.453979	5.831564	1.452127	-0.0025437	0.0023909	-0.0095774	0.0165903	0.0063447	0.0007923	0.0370358	-0.0120575	-2.092216E-005	1.906417E-006	0.000334	0.0001775	0.0002737	0.0003366	0.0032988	-0.0004221	3.629364E-005	3.050943E-005	0.0001902	8.08984E-005	2.66491E-005	-1.86488E-005	-0.0001702	-0.0004833	4.448649E-005	-4.15519E-005	-7.082523E-005	-0.0001297	4.408578E-005	5.423604E-005	-0.0001367	-4.833379E-005	-3.476163E-006	5.90398E-005	0.0001006	0.0005191
	4	10	597246.1	4.492443	0.1778074	1	4.49596	2.266539	2.744326E-005	0.0001836	11	0.0143093	0.0656339	1467.341	0.0073461	0.0088945	0.1063377	-1.290762	-0.1081666	-5.939521	0.0007112	-0.0034435	7.886393E-005	-0.0177297	0.0053974	0.0069615	0.0409496	0.0277872	1.879036E-005	-2.973573E-005	0.0003556	-5.309844E-005	-0.0004091	-0.000618	-0.0051727	-0.0010621	2.996437E-005	-5.976112E-005	0.000185	-0.0003587	-2.555642E-005	1.560384E-005	-0.0004762	-2.853014E-005	-5.278551E-005	-2.425257E-005	-0.0001689	-5.141088E-005	-3.348245E-005	-2.838019E-005	-0.0001474	-1.133979E-005	-2.477737E-005	3.672205E-006	7.852912E-006	-7.541106E-005
	5	12	474433.6	4.491097	0.0764913	1	4.491749	0.975753	3.322658E-005	0.0002608	11	0.0141066	0.0641757	1466.708	0.0091408	0.010349	0.3461792	-1.228956	1.048281	-5.713141	0.0016527	-0.0027364	0.0054054	-0.0144471	-0.0003889	0.0111615	0.0112973	0.0565286	1.802482E-005	7.545273E-005	0.000624	0.0006594	0.0003559	-0.0010511	-0.0016027	-0.0069583	-2.959184E-005	-4.527672E-005	-0.0002222	-0.0001969	3.690366E-006	-3.990904E-005	0.0002632	-0.0003315	7.852167E-005	-5.58151E-005	0.0004988	-0.0002987	-7.064921E-005	-2.710335E-005	3.904104E-006	-0.0002087	3.453158E-005	9.937212E-006	-8.58456E-005	0.0001092
	6	13	376816.4	4.491398	-0.0167725	1	4.491429	-0.2139626	-3.318403E-005	-0.000209	11	0.0138196	0.0625733	1467.431	0.0103436	0.0112043	1.23227	-0.2145188	5.468699	-1.472571	0.000219	0.0030192	0.0029682	0.0140916	0.0053269	-0.0112774	0.015257	-0.0591712	0.000142	7.066139E-005	0.0004779	0.0001587	-0.0004785	-0.0015437	-0.0056711	-0.0072285	4.662666E-005	-2.645952E-005	0.0002768	-0.0002985	-0.000101	-8.972386E-005	-0.000502	-0.000099	4.263362E-006	5.385163E-005	-8.726494E-005	-7.756521E-006	-2.872048E-005	-1.599127E-005	0.0001809	2.981722E-005	6.405241E-005	-4.060905E-005	0.0001465	-0.0002085
	7	15	299355.5	4.493896	-0.1074749	1	4.495181	-1.37001	-3.63461E-005	-0.0001888	11	0.0135291	0.0611281	1466.708	0.0107847	0.0113786	-0.8321553	-0.8983108	-4.119514	-3.693272	-0.0021397	-0.0010214	-0.0103463	-0.0034872	0.0057667	-0.0114295	0.0192376	-0.0578408	-0.0001134	-0.0001552	-0.0004746	-0.0004705	0.0021795	0.0002886	0.0111165	-0.0019415	3.678561E-005	3.315369E-005	0.0001435	7.439172E-005	-1.075352E-005	0.0001121	9.345822E-005	0.0004758	7.10634E-006	3.409875E-005	0.0003222	0.0003215	1.169537E-005	1.472421E-005	0.0002733	7.687323E-005	-3.700774E-005	-1.951121E-005	-0.0001224	-4.631468E-005
	8	16	237832	4.498415	-0.1999173	1	4.502855	-2.544649	-3.732707E-005	-0.0001999	11	0.013095	0.0591562	1467.431	0.0100114	0.0103519	-0.7110799	-0.9482198	-3.619697	-3.945293	-0.0011403	-0.0012825	-0.006001	-0.004921	0.0088902	-0.0072858	0.037108	-0.0386553	-2.003275E-005	-0.0001889	-0.0002579	-0.001132	0.0015341	0.0018101	0.0094239	0.0069534	1.381245E-005	-2.844073E-005	-0.0001973	-0.0001001	-7.110835E-005	0.0002202	7.048249E-006	0.001385	-1.100171E-005	4.117191E-005	-1.300126E-005	0.0002096	-3.845991E-005	5.533732E-005	0.0002198	2.628565E-005	6.067753E-005	-1.434516E-005	-6.584824E-005	-0.0001139
	9	18	188847.7	4.504592	-0.2975087	1	4.514406	-3.778649	-3.725875E-005	-0.0002095	11	0.0125994	0.0569951	1466.799	0.0106748	0.010776	0.2231036	1.118326	1.55447	4.918824	-6.580447E-005	-0.001187	-0.0013823	-0.0055695	-0.0083682	-0.0084012	-0.0418322	-0.0343339	0.0000969	-7.755124E-005	0.0004168	-0.000673	0.0024584	-3.86024E-005	0.0110207	-0.0021253	-1.923088E-005	4.072674E-005	-0.0002406	-6.414578E-005	-0.0001798	0.0002353	-0.0006019	0.0010922	1.45603E-005	-1.202803E-005	-0.0002101	-0.0002176	0.0000991	-2.664048E-005	0.00037	-0.0001827	2.963515E-005	3.219396E-005	0.0001214	-5.087257E-005
	10	19	150058.6	4.513238	-0.4081373	1	4.531655	-5.167268	-3.092592E-005	-0.0002445	11	0.0120555	0.0547023	1467.341	0.0090607	0.0090139	1.031093	-0.3569899	4.441232	-2.188305	0.0002078	0.0011385	0.0023555	0.0049402	0.0052126	-0.0080956	0.0201057	-0.0384518	-4.402363E-005	-4.455681E-005	6.891787E-005	-0.000433	-0.0010665	-0.0015911	-0.005816	-0.0066488	1.642853E-006	-1.911167E-005	9.417534E-005	-0.000298	-0.0001211	-1.551584E-006	-0.0007515	-3.050827E-005	4.049577E-005	-5.778299E-005	7.86297E-005	2.327375E-005	1.076888E-005	1.02343E-005	0.0001496	-0.0001167	-9.718352E-006	1.49617E-005	-7.82013E-005	0.000234
	11	21	119238.3	4.527377	-0.5359685	1	4.558992	-6.751474	-3.00361E-005	-0.0002479	11	0.0116679	0.0532375	1467.341	0.0079924	0.007877	-0.4710034	0.9452088	-1.502947	4.578115	0.0010355	8.863956E-005	0.0042805	-0.0015218	0.0082244	-0.0001355	0.0367857	-0.0038838	-1.386367E-005	2.8315E-005	-7.750467E-005	6.075203E-005	-0.0014338	-0.0006246	-0.0068821	-0.0019196	-1.684018E-005	2.294313E-005	5.397573E-005	0.0001929	-2.217479E-006	0.0002286	0.0001441	0.0006724	-1.105573E-005	-2.587214E-006	0.0002241	0.0001422	-1.016166E-005	-3.561379E-006	-4.578755E-005	2.73101E-005	-2.327375E-006	3.977725E-005	-5.312265E-006	-0.000265
	12	22	94746.09	4.549957	-0.6874353	1	4.601595	-8.591616	-3.486035E-005	-0.0002212	11	0.0113106	0.0520737	1467.341	0.0067857	0.0066278	0.7167637	0.7309266	3.826116	2.75225	-0.0005257	-0.0007521	-0.0036842	-0.0015585	-0.0061809	0.0027995	-0.0263936	0.0152797	1.315028E-005	-1.433445E-005	-2.907962E-005	0.0002068	-0.0008217	-0.0008036	-0.0042904	-0.003184	-1.836615E-005	-4.004874E-005	-0.0002067	1.755357E-005	8.990895E-005	-0.0001644	0.0005513	-0.000765	-2.473034E-005	-4.813868E-005	-0.0002317	-0.0001166	6.749621E-005	-7.995964E-005	0.0001316	-0.0003441	-3.566221E-005	1.646578E-006	-6.679447E-006	-2.764911E-005
	13	24	75292.97	4.581494	-0.8665641	1	4.662726	-10.71065	-3.085144E-005	-0.0002527	11	0.0109716	0.0511743	1467.431	0.005598	0.0053751	-0.5378271	-0.8347842	-3.245786	-3.304265	2.903957E-005	-0.0009944	-0.0022276	-0.0027732	0.0051038	0.0017345	0.0236149	0.0054903	-1.203129E-005	-1.921319E-005	0.0001346	8.479506E-005	-0.000592	0.0006897	-0.0026464	0.0034629	-3.727852E-006	9.229407E-005	0.000129	6.63735E-005	-0.0001208	-3.595372E-005	-0.0004254	-4.222618E-005	-1.185807E-005	-5.08912E-005	-0.0001391	-0.0001338	-2.652873E-006	2.652593E-005	-0.0001953	-0.0000988	4.751422E-005	-2.649613E-007	9.447336E-006	-0.0002095
	14	25	59824.22	4.623269	-1.079893	1	4.747714	-13.1473	-3.67745E-005	-0.0002198	11	0.0106812	0.0507216	1466.799	0.0044449	0.004199	-0.6952588	0.6717299	-2.436557	3.890836	0.0001446	0.0011267	0.0033864	0.0017093	0.0004784	0.0039949	0.00428	0.0177899	4.900154E-005	4.181685E-005	0.0002444	0.0002308	0.0009589	0.0002031	0.0046632	0.0005033	5.380902E-005	-5.121344E-005	0.0002386	0.0001478	-2.741581E-005	-4.8236E-005	-0.0001572	-0.0001355	-3.461401E-005	9.008776E-005	9.321049E-005	0.0003127	-2.558087E-005	-4.82537E-005	-0.0001995	-1.460314E-005	1.665589E-005	-3.075134E-005	-0.00012	-0.0001004
	15	26	47519.53	4.676764	-1.337957	1	4.864386	-15.96509	-3.068826E-005	-0.0002518	11	0.0103365	0.0502872	1467.431	0.0035673	0.0030899	0.935544	0.004085	4.367718	-1.280241	-0.001498	-4.864439E-005	-0.0019478	0.0032662	0.0020572	0.001861	0.0106473	0.0070477	4.527438E-005	2.215477E-005	0.0001236	0.0001795	0.0004476	0.0009816	0.0023262	0.0037936	-6.095507E-006	-8.52297E-005	7.691607E-005	-0.0000959	0.0000954	-1.234235E-005	0.0001548	-0.000312	-1.57773E-005	8.311821E-005	0.000323	0.0003399	1.206063E-005	5.792687E-005	8.527935E-005	0.0001446	-5.058014E-006	-5.051867E-005	-0.000229	-2.787635E-005
	16	28	37792.97	4.745837	-1.649056	1	5.024177	-19.16102	-3.037976E-005	-0.0002491	11	0.0099556	0.050023	1466.708	0.0031399	0.0022472	0.0370591	-0.9003193	-1.34626	-4.322781	0.0018812	0.0005091	0.0022571	-0.0031907	-0.0014035	0.00101	-0.0054205	0.0059455	-9.468059E-006	-6.765384E-005	-0.0002266	-0.0001003	0.0010747	-0.0001749	0.0045786	-0.0014827	8.028731E-005	6.456743E-005	0.0001762	0.0001393	3.73197E-005	-4.538685E-005	0.0002805	-0.0001072	2.014253E-005	6.301911E-005	9.399932E-005	0.0003112	-4.653121E-006	-9.057509E-005	0.0002014	-5.953946E-005	4.690373E-006	1.676078E-005	-2.650544E-006	3.236718E-005
	17	29	29941.41	4.838913	-2.035475	1	5.249595	-22.81392	-3.733702E-005	-0.0002227	11	0.0094977	0.0498615	1467.431	0.0032606	0.001595	-0.8192807	0.260281	-3.414719	2.950666	-0.0024044	0.0005802	0.0001438	0.0038442	-0.000753	4.578708E-005	-0.0034001	0.0017228	-1.098868E-005	-4.83892E-006	8.951128E-005	-1.478475E-005	-0.000904	0.0005557	-0.0038979	0.0025615	-6.030501E-005	5.733967E-005	-0.0002821	0.0002863	-6.758236E-005	-4.236029E-005	-0.0001953	-0.0001512	-3.632997E-005	1.017377E-005	-0.0002501	3.473088E-005	0.0001383	-6.008848E-005	0.0005798	-0.0001735	-1.687557E-005	-7.64574E-005	-0.0002573	5.803816E-005
	18	31	23847.66	4.960167	-2.496846	1	5.553152	-26.71974	-3.032779E-005	-0.0002526	11	0.008968	0.0498021	1466.799	0.0043277	0.00139	-0.0907234	-0.8066023	-2.48456	-3.761012	0.0032362	0.0009365	0.0018715	-0.0039206	-0.0001312	0.0001782	0.0006143	0.0017479	-1.721899E-005	-1.262687E-005	-7.542317E-005	-0.0001823	0.0002937	-0.0008949	0.0004202	-0.0039158	0.0001009	4.335307E-005	0.00017	2.261996E-005	-0.0001261	-2.052356E-005	-0.0008759	-0.0002378	-1.515635E-005	-0.0000984	3.606081E-005	-0.0002285	-0.0001032	1.179054E-005	-0.0005098	0.0003845	-4.047575E-005	4.954264E-005	-5.15543E-005	0.0002896
	19	32	18925.78	5.126477	-3.066592	1	5.973671	-30.88732	-3.010033E-005	-0.0002525	11	0.0083226	0.0497173	1467.431	0.0056965	0.0012839	0.3451528	0.6695438	3.832937	2.357467	0.0040174	-0.0011956	-0.0010958	-0.0038568	0.0002561	0.0001407	-0.0004669	0.0008718	2.120761E-005	5.794526E-005	-5.37187E-006	0.0002254	0.0007915	-0.0002329	0.003531	-0.0016964	-4.120638E-006	-7.077866E-005	-2.812594E-006	-7.128717E-005	-0.0001741	-8.561743E-005	-0.0005428	-0.0001744	6.038533E-005	4.330883E-005	0.0003524	0.0001271	-2.88568E-005	0.0001492	-0.000128	0.0005746	4.812056E-005	-1.197262E-005	5.01629E-005	-0.0003284
	20	34	15058.59	5.351722	-3.747528	1	6.533368	-35.00153	-3.711507E-005	-0.0002223	11	0.0076092	0.0497143	1467.341	0.0075836	0.001335	-0.6752437	-0.1355045	-4.115346	1.819496	-0.0018064	-0.0047487	-0.0037859	0.0017012	0.000442	0.0007376	-0.0002328	0.0018774	-3.796072E-006	-1.092418E-005	-3.549458E-005	-0.0001052	-0.0003529	-0.0007397	-0.0022191	-0.003058	-2.669916E-005	6.845221E-007	-0.0001489	0.0001851	0.0001223	-1.679012E-005	0.0005143	-6.325358E-005	0.0001094	-3.446127E-005	0.0003841	-0.0001478	-5.8054E-005	0.0001376	-0.0002579	0.0006069	-4.585554E-005	1.865439E-005	2.062321E-005	0.0002442
	21	35	11863.43	5.67202	-4.605693	1	7.306451	-39.07668	3.23534E-006	-0.0001494	11	0.0067981	0.0496706	1467.341	0.0098394	0.0013059	-0.2047966	0.5802137	1.522152	4.230141	-0.0006266	0.0058154	0.0034808	-0.0006006	-0.001313	4.219706E-005	-0.002418	-0.0008081	2.880278E-005	-1.647265E-005	6.898493E-005	-0.0002817	-0.0007895	4.313745E-005	-0.0036488	0.0009306	-9.319048E-006	6.723194E-005	0.000114	0.0001069	-0.0001372	0.0000966	-0.0002747	0.0003683	0.0001592	8.061528E-005	0.0007343	3.565848E-005	3.603729E-005	0.0001445	0.0002132	0.0006033	4.295236E-005	-3.020387E-005	0.0001613	-0.0001228
	22	36	9432.87	6.093507	-5.591361	1	8.270075	-42.53928	-4.982321E-007	0.0001422	11	0.006018	0.0497716	1467.431	0.0124618	0.0013124	0.4957674	-0.2256126	1.756013	-4.148459	-0.0061454	-0.0020121	-0.0001442	0.0030116	-0.0014464	0.0011776	-0.002428	0.0019837	1.569395E-005	-3.302541E-005	0.0001068	0.0001178	-0.0007201	-0.0004371	-0.0036648	-0.0011199	6.127404E-005	-2.280786E-005	0.0002375	-0.0002933	-3.888529E-005	-0.000153	-0.0003149	-0.0005489	0.0001255	1.291512E-005	0.0005804	-6.408245E-005	6.594276E-005	-0.0001258	0.0002198	-0.0005291	4.633845E-005	4.847394E-005	0.0002517	0.000212
	23	38	7558.594	6.619423	-6.714217	1	9.428545	-45.40733	1.052933E-006	6.368419E-005	10	0.0053098	0.0500648	1466.619	0.0153018	0.0014131	-0.4656568	-0.1188591	-3.877268	2.34519	0.0017779	-0.0066585	-0.0034372	1.533516E-005	0.0003245	0.0023992	0.001928	0.0032142	4.349276E-007	9.453914E-005	-2.256408E-005	8.842908E-005	-0.0006842	-0.0004381	-0.0036377	-0.0008153	-5.721861E-005	-1.357659E-005	-0.0002324	3.653578E-005	8.772314E-005	-8.830476E-005	0.0003052	-0.0005525	1.13924E-005	-0.0001203	-0.0001748	-0.0005864	3.954908E-005	0.000112	0.0003423	0.0004083	5.508307E-005	3.438722E-005	0.0003264	0.0001236
	24	39	5960.648	7.396792	-8.097686	1	10.96745	-47.59001	2.397872E-006	0.0001392	10	0.0045363	0.0497521	1467.251	0.0178038	0.0013806	0.0634662	-0.4056414	-2.819202	-3.511342	-0.0018552	0.0063961	0.0022523	-0.0002631	0.0028367	-0.0005235	0.0027293	-0.0031575	-6.847085E-006	0.0001195	-0.0002084	0.0001081	-1.180032E-005	-0.000824	-0.0015247	-0.0034981	4.781689E-005	-3.045518E-005	0.0001169	-0.0002473	-0.000169	4.742295E-006	-0.0007674	0.0001597	-8.193777E-005	-9.072387E-005	-0.0004759	-0.0003524	-6.75759E-006	0.0001356	0.0001226	0.0006226	-4.164177E-005	5.694455E-006	-9.403379E-005	0.0001516
	25	41	4746.094	8.367403	-9.60896	1	12.74149	-48.95092	9.859359E-007	6.43807E-005	10	0.0039105	0.0498259	1466.708	0.0203203	0.0014262	0.0945587	0.3410713	4.070287	1.941739	0.0023575	0.0058511	0.0011307	-0.0014641	-0.0012449	0.0030984	0.002293	0.0039007	0.0001378	6.201671E-005	3.437698E-005	0.0001408	0.0007081	-0.0004362	0.0018377	-0.0035455	-5.027059E-005	1.169043E-005	-0.0002632	0.0001366	-0.0001456	-3.606548E-007	-0.0006286	0.0002329	0.0001027	6.410177E-005	0.0005279	0.0001799	0.0001004	0.0001276	0.000616	0.0003706	-3.434998E-005	-4.603296E-005	-0.0002945	-0.0002297
	26	42	3761.574	9.631	-11.32472	1	14.86625	-49.62083	2.08723E-006	0.0001371	10	0.0033534	0.0498534	1466.799	0.0228172	0.0014102	-0.2784487	0.1207899	-1.310851	4.317614	-0.002561	-0.0051784	-0.0004457	0.000977	0.0035901	0.0009862	0.0029655	-0.0036541	0.0001858	1.111784E-005	9.495579E-005	0.0001221	0.00072	0.0003305	0.0037566	-0.0011225	3.760727E-005	-3.448863E-005	0.0001181	-0.0003007	8.595106E-005	0.0001172	0.0006722	0.00031	0.0001027	-6.749994E-005	0.0003874	-0.0005153	6.362144E-005	0.0001307	0.0006028	0.0005166	5.649449E-005	-1.9375E-005	0.0002647	-0.0001671
	27	44	2993.223	11.17536	-13.16226	1	17.26655	-49.66724	1.783326E-006	0.0001357	10	0.0028911	0.0499194	1467.251	0.0252504	0.0013649	-0.029332	0.2600226	3.096513	3.290231	-0.0036021	0.0036827	0.0006807	-0.0002161	-0.00341	-0.0022046	-0.0032081	0.0033259	-0.000168	0.0001287	-0.000187	5.627889E-005	-4.997594E-005	0.0007308	0.0026533	0.0026959	3.590016E-006	-1.525736E-005	-4.304574E-005	-0.0003272	0.0001282	-1.494354E-005	0.000514	-0.0004984	-0.0000988	-4.818431E-005	-0.0007204	-3.620145E-005	-7.802843E-005	-0.0001125	-0.0006449	-0.0004821	-2.136012E-005	3.711041E-005	1.679268E-005	0.0001681
	28	45	2372.685	13.07958	-15.15789	1	20.02092	-49.20945	1.665439E-006	0.0001377	10	0.0024933	0.0499173	1466.708	0.0277998	0.0013303	0.124534	0.1881894	4.481669	0.5718123	0.0018638	0.0040862	-0.0005487	-0.0004578	-0.0015513	0.0040363	0.0042102	0.0013507	0.0001934	2.170564E-006	0.0001153	-8.982235E-005	-5.300763E-005	-0.0006337	-0.0034611	-0.001548	2.542313E-005	1.736934E-005	0.0003708	3.144983E-005	5.814388E-005	0.0001203	0.000834	0.0003642	-2.806902E-005	-0.0000961	-0.0004044	-0.000262	-2.420612E-005	-0.0001153	-0.0004536	-0.0004489	1.298432E-005	4.490593E-005	0.0001838	0.0001581
	29	46	1886.433	15.295	-17.23223	1	23.04098	-48.40836	2.175866E-007	6.402907E-005	10	0.0021687	0.0499688	1467.251	0.0306697	0.0012773	0.1767997	-0.0852674	1.233297	-4.351254	8.130737E-005	-0.0038706	0.0003563	0.000514	-0.0021989	-0.0039977	-0.0028187	0.0030248	0.0001238	0.0001418	0.0001609	1.940038E-005	-0.000405	-0.0004556	-0.0035886	0.0012935	3.36013E-005	-2.325367E-006	-4.398079E-005	-0.0001948	-5.10614E-005	-7.606275E-005	-0.0006466	-5.253405E-005	6.815523E-005	-5.985268E-005	0.000217	-0.000536	-1.760572E-005	-9.264286E-005	-0.0005418	-0.0003721	5.124218E-005	-1.532026E-007	0.0001765	-0.0002239
	30	48	1506.696	17.79234	-19.3445	1	26.28264	-47.39332	-3.704259E-006	5.352957E-005	10	0.0019011	0.0499673	1466.619	0.0341317	0.0012769	0.1448888	-0.0928232	0.7810601	-4.454564	-0.0001308	-0.0033442	0.0007492	0.0002312	-0.0026919	-0.0039621	-0.002006	0.0036347	0.0001435	0.0001048	7.710233E-005	6.727874E-005	-0.0004944	-0.0002231	-0.0023729	0.0029042	-9.760516E-006	-2.695702E-005	-0.0002449	-0.0002625	-6.677095E-005	-1.744807E-005	-0.0004597	0.0004426	9.096693E-007	-7.956028E-005	-0.0003759	-0.0005243	-9.498787E-005	-3.173352E-005	-0.0005657	0.0002547	4.19718E-006	-2.298103E-005	-0.0001132	-0.0002709
	31	49	1185.994	20.78908	-21.67702	1	30.03463	-46.19785	1.604776E-006	0.0001393	10	0.0016639	0.0499738	1467.251	0.0383345	0.0012583	0.0885596	0.1218052	4.481583	0.6115345	-6.564405E-005	0.0028168	-0.0007551	-0.0002093	-0.0043682	0.0024549	0.0036667	0.0014205	0.0001175	8.036615E-005	2.951734E-005	-4.842506E-005	0.0001955	-0.0004553	-0.0035302	-0.0015485	7.775845E-006	1.91438E-005	0.0002917	0.0002017	-1.091277E-005	7.171568E-005	0.0005336	0.0004193	-2.384692E-005	-4.991378E-005	-0.000604	-0.000194	-2.461579E-005	-7.43848E-005	-0.0004729	-0.0003785	1.248031E-005	3.277173E-005	0.0002329	0.0002098
	32	51	948.6607	23.89122	-23.94904	1	33.8282	-45.06925	-3.779491E-006	5.258142E-005	10	0.0014777	0.0499889	1466.619	0.0426015	0.0012034	0.0882104	0.1005366	4.515262	0.2885992	-2.54999E-006	0.0024016	-0.0008813	-5.965681E-005	-0.0043624	0.002743	0.0035118	0.0003349	0.0001006	4.016759E-005	0.000107	-0.0002241	6.615487E-005	-0.0003396	-0.0039201	0.0003459	3.992196E-005	1.360848E-005	0.0003315	-3.777073E-005	1.730141E-005	5.289563E-006	0.0004971	-8.737111E-005	-2.888544E-005	-4.325674E-005	-0.0004053	5.037151E-005	-4.634344E-005	-5.795528E-005	-0.0005456	0.0001054	2.797809E-005	2.546923E-005	0.0001657	-4.297496E-005
	33	52	752.3148	27.41315	-26.42012	1	38.07235	-43.94323	1.782169E-006	0.0001386	10	0.0013126	0.0499741	1467.251	0.0476802	0.0012207	0.118799	0.0010615	3.284271	-3.110042	0.0020083	0.000131	1.835334E-005	0.0008551	0.0051019	0.0013677	-0.0028261	-0.0022929	-0.0001192	-4.272577E-005	-0.0001602	-2.484583E-005	0.0001871	0.0002668	0.001825	-0.0034764	7.398892E-006	3.128342E-005	0.0001541	0.0002392	-3.137713E-005	1.792342E-005	0.0003459	0.0001805	-4.762529E-005	-4.247775E-005	-0.0003489	0.0001025	-6.398036E-005	4.038832E-005	-0.0001162	0.0007137	-6.714488E-006	-5.204902E-005	-0.0001001	-0.0004127
	34	54	599.564	31.14412	-29.02411	1	42.57177	-42.98204	3.089044E-007	6.452744E-005	10	0.0011743	0.0499903	1466.528	0.0527881	0.0011924	0.0210379	-0.1041788	-2.368916	-3.854904	-0.0014124	-0.0009734	0.0001397	-0.0009034	-0.004486	0.0028744	0.0036312	-0.0010168	-6.277299E-005	-8.802824E-005	-4.886837E-005	-8.000807E-005	0.0002743	0.0002318	-0.0005761	-0.0035226	8.472649E-006	-1.311292E-005	7.625669E-005	-0.0002731	-9.635784E-006	-6.564705E-005	-0.0006883	-8.475781E-005	2.061356E-005	-1.918973E-005	-0.0003409	-0.0003926	-2.931899E-005	2.489041E-005	-0.000129	0.0006192	-9.25467E-006	8.151663E-006	-0.0001893	0.0001898
	35	55	474.0168	35.31731	-31.9323	1	47.61286	-42.11845	-2.54202E-007	0.0000957	10	0.0010496	0.0499757	1467.251	0.0586031	0.0011926	0.064346	0.0698855	4.50389	0.4184562	-0.0006394	0.0012966	-0.000945	7.890165E-005	-0.005344	0.0004787	0.0035734	-0.0003039	0.0001007	4.570885E-005	5.446095E-005	-2.31415E-005	0.0002736	-0.000153	-0.0035969	0.0010768	4.156958E-006	4.185713E-006	0.0002416	-1.709163E-005	1.666299E-005	1.498615E-005	0.0005542	-0.0002539	-3.619004E-005	-1.603551E-005	-0.0004756	0.0002324	-4.616398E-005	-1.136505E-005	-0.0005475	0.0004082	2.083773E-005	4.7707E-006	0.0001328	-0.0002156
	36	57	377.1552	39.70259	-35.05952	1	52.96664	-41.44623	-2.593233E-007	0.000096	10	0.0009437	0.0499864	1466.619	0.0646488	0.0011678	0.0712317	0.0471344	4.481279	-0.6220668	-0.0001677	0.0012221	-0.0008339	0.0005819	-0.0041809	0.0033723	0.0022525	-0.0027092	9.04203E-005	-5.759882E-005	1.282245E-005	-0.000146	4.798667E-005	-0.0003178	0.0001531	0.0036072	-1.544249E-007	1.33249E-006	-0.0001244	-0.0001998	-1.873123E-007	-1.280627E-005	-0.0005077	-0.0004792	7.944647E-006	3.108598E-005	0.0005706	0.0002024	2.403418E-005	3.649389E-005	0.000686	6.137299E-005	-1.195423E-005	-7.801166E-006	-0.0001497	4.398078E-005
	37	58	298.2954	44.5597	-38.63615	1	58.97728	-40.92741	-6.053469E-007	3.375617E-005	10	0.0008476	0.0499899	1467.161	0.0712265	0.0011686	-0.072712	0.0244594	-2.297766	3.897688	0.0010629	5.444756E-005	0.0007568	0.0005253	-0.0052929	0.0007614	0.0029015	-0.0019288	-5.721299E-005	0.0000967	2.316199E-006	0.0001229	-0.0002781	-0.000194	0.0036809	-0.0002301	5.37897E-007	7.470953E-007	5.575363E-006	-0.0002404	1.19019E-005	2.863002E-006	0.0005895	0.0002933	2.900138E-005	2.208777E-006	0.0003761	-0.0003657	-6.218151E-006	3.91651E-005	0.000387	0.0006088	1.116557E-005	8.92664E-006	0.0002455	-7.543737E-005
	38	60	236.7424	49.76946	-42.5812	1	65.4993	-40.54926	-2.01765E-007	0.0000969	10	0.0007624	0.04994	1466.619	0.0776493	0.001167	0.0392587	0.0567531	4.369914	1.155317	-0.0008734	0.0003112	-0.0011321	-0.0001351	-0.0040596	-0.0033494	0.0034247	-8.481742E-005	6.980204E-005	9.217899E-005	0.0002367	-8.529053E-005	0.0002001	0.0003138	-0.00357	0.0006824	-3.224051E-007	-5.363895E-006	0.0002793	-0.0001194	1.939668E-005	-2.11196E-005	0.0006335	-0.0002455	-1.922919E-005	-9.48785E-006	-0.0005429	0.0002848	-3.238984E-005	-1.37309E-005	-0.0006398	0.0003389	1.442863E-005	4.569156E-006	0.0002216	-0.0001015
	39	61	189.0121	55.27222	-46.93247	1	72.50983	-40.33509	-7.486178E-007	3.198686E-005	10	0.0006882	0.0499026	1466.708	0.084226	0.0011756	0.0313888	0.0538032	4.259413	1.502561	-0.0008237	3.410823E-005	-0.0010307	-0.000139	-0.0027566	-0.0043645	0.0035299	2.684072E-005	3.644085E-005	0.0001125	0.0002135	-4.220755E-006	-4.528994E-007	0.0004238	-0.0035702	0.0006455	1.447737E-006	-1.122797E-005	0.0002698	-0.0000993	4.031609E-005	-2.261024E-005	0.0006111	-0.0001361	-1.667379E-005	-1.042214E-005	-0.0005052	0.0002367	-2.970247E-005	-9.452721E-006	-0.0006959	0.0003259	8.33621E-006	2.504064E-006	0.0002072	-0.0001501
	40	63	149.6011	61.50581	-51.99371	1	80.53763	-40.20938	-3.41071E-007	3.081508E-005	10	0.000618	0.04977	1466.619	0.0911171	0.0011745	-0.0311088	0.0464828	0.5018401	4.476623	0.0005131	-0.000522	0.0005766	-0.0008194	0.0013506	0.0048306	-0.0034754	0.000455	0.0001029	-6.243865E-005	-0.0001393	-6.680378E-005	0.0002967	0.0004143	-0.0006475	0.0036223	7.113689E-006	-1.422645E-005	0.0002162	-8.448959E-005	4.77947E-005	3.153412E-005	0.0005378	0.0003023	1.316153E-005	-1.272641E-005	-3.877143E-005	-0.0004916	2.292924E-005	2.41911E-007	0.0004601	-0.0003725	-4.998329E-006	-1.291631E-005	-0.0003145	-0.0001113
	41	64	119.1737	68.10358	-57.50561	1	89.1347	-40.17723	-9.166401E-007	3.324766E-005	9	0.0005554	0.0495052	1466.799	0.0972603	0.0011697	-0.0065874	-0.0498352	-3.31354	-3.016139	-0.0003369	-0.0005737	-0.0008606	-0.0004533	-0.0033493	0.0034538	-0.0030792	-0.0016849	-0.000115	3.367457E-005	0.0001062	0.0001589	0.0004577	0.0002881	0.0028805	0.0020976	1.45071E-005	1.340218E-005	0.0001583	7.853284E-005	6.843984E-006	-7.673537E-005	-0.0004363	-0.0005594	7.237613E-007	-1.455903E-005	-0.0003645	-0.0004258	-9.938701E-006	2.304655E-005	0.0002828	0.0006806	1.131255E-006	5.731941E-006	0.0001474	0.0002325
	42	66	94.69697	96.0289	-59.98751	1	113.2257	-31.99226	-3.923762E-006	8.794804E-005	9	0.0004445	0.0503274	1467.07	0.1177557	7.567641E-005	0.0106523	-0.0170631	-0.0000998	-2.277559	0.0002901	4.286063E-005	-5.022344E-005	3.093621E-006	0.0004804	-0.0022848	-8.903445E-007	-0.0001106	5.964888E-005	-9.4172E-007	4.026713E-005	4.518731E-005	-1.088804E-005	-0.000263	1.517125E-005	-2.03473E-005	4.045112E-006	-1.469875E-006	-5.349052E-006	1.646113E-005	-9.373661E-006	-1.980248E-005	-3.43565E-006	9.130733E-005	-1.51791E-007	1.315508E-006	6.21751E-006	-4.299545E-005	-3.915339E-006	1.427397E-006	2.495944E-006	8.218922E-006	-5.296025E-007	-7.09697E-008	-2.933899E-006	-3.529248E-006
	43	67	75	106.202	-67.44823	1	125.8099	-32.41938	-3.687772E-006	8.637456E-005	9	0.0003974	0.0499998	1466.619	0.1222986	7.734527E-005	0.0096406	-0.0151833	0.000187	-2.262733	0.0002695	5.339429E-005	-5.002181E-005	-8.737204E-006	0.0005185	-0.0021039	-3.429364E-005	-7.90672E-005	6.072673E-005	3.140129E-006	4.166923E-005	-1.833541E-006	3.263121E-007	-0.0002513	-1.988746E-005	-3.881544E-005	6.463728E-006	-3.648312E-007	5.156733E-005	-1.784251E-005	-5.603944E-006	-2.165408E-005	4.747743E-005	-5.071099E-005	1.434091E-007	9.808282E-007	-3.249525E-005	1.296075E-005	-4.094677E-006	9.078358E-007	-1.643878E-005	8.642441E-005	-1.577471E-006	2.297966E-006	-7.489464E-006	-1.258543E-005
	44	69	54.50581	115.3632	-80.1525	1	140.4745	-34.79095	-3.045918E-006	2.329469E-005	9	0.0003559	0.0499995	1467.07	0.1304781	6.265217E-005	0.0183765	-0.0264601	-0.0002531	-4.525444	0.0005	0.0001384	-2.34379E-005	-3.646638E-005	0.001277	-0.0039365	-2.225442E-005	-0.0001911	0.0001182	1.091948E-005	-0.0001296	7.909822E-005	3.766442E-005	-0.0005047	3.329292E-005	-2.512027E-005	1.632492E-005	-3.972674E-007	6.525917E-005	-4.935824E-005	-1.10814E-005	-4.572848E-005	-2.734456E-005	1.466135E-006	-1.878943E-007	1.112538E-006	4.226319E-005	2.678146E-005	-4.486036E-006	5.769107E-008	2.100621E-005	5.670148E-005	-2.728601E-006	1.511507E-007	-5.255082E-005	-1.901202E-005
	45	70	45.95588	105.1922	-90.90952	1	139.0322	-40.83433	-2.883226E-006	2.253469E-005	9	0.0003596	0.0499946	1466.619	0.1244405	5.657255E-005	0.0200026	-0.0256733	-0.228029	-4.519246	0.000475	-1.693238E-005	2.084207E-005	-4.347851E-005	0.0006725	-0.0039313	-9.065867E-005	-4.790887E-005	0.0001184	-3.474685E-006	-8.366817E-005	5.609693E-005	-8.578111E-005	-0.0004954	-5.695085E-005	-7.044304E-005	1.421175E-005	-5.922019E-006	7.268041E-005	-0.0001296	-2.994118E-005	-4.112713E-005	3.121747E-005	4.760362E-005	1.337903E-007	1.421991E-006	-2.478343E-005	-1.021847E-005	-5.019684E-006	6.547198E-007	-4.376146E-005	-1.176819E-005	-2.819579E-007	2.344837E-006	4.683156E-005	6.359932E-005
	46	72	37.5	115.6213	-100.41	1	153.1354	-40.97229	-2.611174E-006	2.589133E-005	9	0.0003265	0.0500012	1466.708	0.129678	4.55072E-005	0.0185416	-0.0230121	-0.1653685	-4.522572	0.0004456	3.02981E-005	2.102507E-005	-1.519732E-005	0.0009315	-0.0036554	-7.911167E-005	-9.098138E-005	0.0001166	7.487044E-006	-4.632167E-005	-6.53884E-005	-2.411669E-005	-0.0004903	2.154848E-005	-4.6424E-005	1.581994E-005	-3.904695E-006	1.506275E-005	-7.683412E-006	-2.161728E-005	-4.687965E-005	-4.292886E-005	-3.56997E-005	4.283793E-007	1.295528E-006	-5.57541E-005	-2.690172E-005	-4.905306E-006	2.159868E-007	8.267583E-005	4.834682E-005	-5.840849E-007	2.394736E-006	1.621526E-005	3.863848E-005
	47	73	30.04808	128.4964	-111.9937	1	170.4521	-41.07446	-2.805469E-006	2.293958E-005	9	0.0002933	0.0500004	1467.251	0.1351854	4.857816E-005	0.0169456	-0.0204387	-0.110381	-4.524176	0.000413	7.437111E-005	-8.460601E-006	-0.0000958	0.0011267	-0.0033462	3.982708E-005	-7.844776E-005	0.0001122	1.913109E-005	-6.871858E-005	-3.394718E-005	3.066042E-005	-0.0004722	-7.056446E-005	1.824112E-005	1.723341E-005	-6.977572E-007	-5.046745E-005	-5.478611E-005	-1.3835E-005	-4.944895E-005	1.099054E-005	-5.797344E-005	8.065836E-007	2.326648E-006	5.781837E-005	6.840564E-006	-3.915892E-006	-1.7325E-006	-4.194864E-005	6.646616E-005	-1.826557E-007	2.842309E-006	3.926829E-005	4.039146E-006
	48	75	23.91582	141.5056	-125.7217	1	189.2876	-41.61973	-2.53242E-006	2.459977E-005	9	0.0002641	0.0499991	1466.799	0.1395317	4.52584E-005	0.0156156	-0.018103	-0.0652985	-4.524934	0.0003773	0.0000959	3.412366E-006	2.00544E-005	0.0012432	-0.0030349	-0.0001033	-9.406563E-005	0.0001059	2.717028E-005	-6.763731E-006	3.805337E-005	7.435879E-005	-0.0004469	-5.497086E-005	-5.861641E-005	1.795501E-005	1.293549E-006	5.647121E-005	-3.374846E-005	-6.310483E-006	-5.060085E-005	1.959689E-005	7.547694E-005	1.554901E-006	2.286717E-006	-5.397481E-006	-7.126598E-006	-3.175593E-006	-2.313915E-006	-1.602527E-005	1.969573E-005	-1.555163E-007	2.456356E-006	5.040038E-005	-1.99501E-005
	49	77	18.8253	157.8316	-141.7555	1	212.1449	-41.92841	-2.23555E-006	2.34762E-005	9	0.0002357	0.0499994	1466.708	0.1444097	3.883903E-005	0.0141534	-0.01596	-0.0278215	-4.525343	0.0003409	0.000114	1.215842E-006	-4.775829E-005	0.0013108	-0.0027282	-0.0001111	-8.942293E-005	0.0000987	3.340941E-005	-2.496201E-005	-5.331823E-008	0.0001087	-0.0004163	-1.078495E-005	-5.72909E-006	1.805782E-005	3.137517E-006	7.074187E-005	3.870775E-005	6.615592E-007	-5.056641E-005	2.30528E-005	5.072798E-006	1.976659E-006	2.005712E-006	3.561843E-006	5.488284E-006	-2.245448E-006	-3.267925E-006	8.030329E-007	-9.524986E-006	-3.061723E-008	2.123634E-006	-5.932293E-006	-1.639221E-005
	50	78	15.02404	175.3706	-158.7355	1	236.5414	-42.14961	-2.032576E-006	2.104736E-005	9	0.0002114	0.0500003	1466.708	0.1488854	4.535097E-005	0.0128381	-0.014185	0.0003492	-4.52551	0.0003088	0.000125	-3.596769E-006	-1.784993E-005	0.0013328	-0.0024592	-9.927201E-006	-0.0001055	9.141079E-005	3.725717E-005	-0.0000963	-2.975192E-005	0.0001322	-0.0003858	-5.032007E-005	-5.291799E-005	1.751358E-005	4.656904E-006	-1.074514E-006	-4.142873E-005	5.973387E-006	-4.936316E-005	-3.596257E-005	2.901454E-005	2.139888E-006	2.159126E-006	3.938167E-005	1.870608E-005	-1.43185E-006	-3.346621E-006	3.977073E-005	6.798399E-005	-3.579772E-008	1.961889E-006	4.304294E-005	3.549806E-005
	51	80	11.95791	194.9717	-178.085	1	264.061	-42.40824	-1.834092E-006	2.176122E-005	9	0.0001894	0.0500006	1466.708	0.1529479	2.312267E-005	0.0116207	-0.0125967	0.0228877	-4.525478	0.0002783	0.0001301	2.752501E-005	1.029254E-005	0.0013206	-0.0022077	-1.964602E-005	-5.97546E-005	8.397782E-005	3.989699E-005	-1.266366E-005	-1.110224E-005	0.0001479	-0.0003538	6.581424E-006	-2.386916E-005	1.690588E-005	5.858805E-006	2.111541E-005	-1.195289E-005	1.016869E-005	-4.707069E-005	2.384768E-005	4.212745E-005	2.106797E-006	2.036213E-006	5.074544E-006	2.846494E-005	-3.777387E-007	-4.133785E-006	3.50601E-005	-9.943965E-006	-9.013457E-008	1.788991E-006	-1.161266E-005	1.451932E-006
	52	82	9.52744	216.7637	-199.7109	1	294.7388	-42.6553	-1.641804E-006	2.224122E-005	9	0.0001696	0.0499999	1466.708	0.1566762	2.256111E-005	0.0105041	-0.0111988	0.0407618	-4.525291	0.0002501	0.000131	2.36535E-005	9.575451E-006	0.0012848	-0.0019793	-2.126815E-005	-5.301357E-005	7.663544E-005	4.108684E-005	-3.65032E-006	-6.616349E-006	0.0001572	-0.000323	-4.036935E-005	-7.342548E-006	1.596757E-005	6.752532E-006	-2.607238E-006	5.278329E-006	1.363803E-005	-4.443444E-005	-4.110393E-006	5.797076E-005	2.257919E-006	2.168068E-006	1.993729E-006	-9.756536E-006	5.397305E-008	-4.116345E-006	6.630551E-006	-1.031952E-005	-8.814096E-008	1.663844E-006	1.683412E-005	2.871465E-005
	53	85	7.524077	242.3481	-224.9571	1	330.6634	-42.86869	-1.422112E-006	2.108231E-005	9	0.0001512	0.0499995	1466.708	0.1603456	3.281152E-005	0.0094327	-0.0099161	0.0555829	-4.525101	0.0002235	0.0001293	4.015677E-005	-2.714669E-005	0.0012316	-0.0017641	3.813533E-006	-0.0000994	6.946389E-005	4.141032E-005	-4.282828E-005	-1.403695E-005	0.0001617	-0.0002921	1.669512E-005	-6.529189E-005	1.489517E-005	7.443821E-006	1.541199E-005	-1.633249E-006	1.638352E-005	-4.152335E-005	4.162779E-006	2.011342E-005	2.101471E-006	2.08943E-006	9.37772E-006	4.913774E-006	8.357601E-007	-4.233204E-006	8.822419E-006	2.082216E-005	2.569868E-008	1.557106E-006	4.27065E-005	1.080521E-005
	54	87	5.98659	270.1174	-252.4433	1	369.7175	-43.06287	-1.267288E-006	2.225504E-005	9	0.0001352	0.0499998	1466.619	0.1635682	2.688484E-005	0.0084885	-0.0088188	0.0668746	-4.524976	0.0002002	0.0001253	2.720859E-005	-4.853357E-005	0.0011683	-0.0015762	-7.837546E-006	-7.463009E-005	6.278518E-005	4.08013E-005	-3.53274E-005	1.460788E-005	0.0001618	-0.0002639	-9.657118E-006	-1.658686E-006	1.385181E-005	7.853934E-006	3.787898E-005	1.051906E-005	1.794261E-005	-3.825803E-005	1.890585E-007	2.643996E-005	2.13449E-006	2.154207E-006	3.257068E-005	-2.497673E-005	1.116961E-006	-4.023977E-006	7.337891E-006	9.618117E-006	5.039328E-008	1.411623E-006	2.102018E-005	9.7882E-007
	55	90	4.76372	301.2376	-283.2563	1	413.4952	-43.23792	-1.163126E-006	2.139213E-005	9	0.0001209	0.0500005	1466.619	0.1665246	2.585951E-005	0.0076297	-0.0078468	0.0758902	-4.524893	0.0001793	0.0001199	4.545553E-006	4.596746E-006	0.0010983	-0.0014073	-8.595177E-006	-7.391271E-005	5.661102E-005	3.961096E-005	-2.853037E-005	3.360328E-006	0.0001591	-0.0002377	3.217487E-006	-4.556374E-005	1.272786E-005	8.043706E-006	1.42199E-005	7.814961E-007	1.892346E-005	-3.503472E-005	4.971633E-006	5.253433E-005	2.011351E-006	2.083532E-006	-1.97026E-005	-1.331535E-005	1.619548E-006	-3.941707E-006	1.708721E-005	-9.253273E-007	9.07603E-008	1.237822E-006	3.414159E-005	-1.391931E-005
	56	93	3.76506	337.2634	-318.861	1	464.1324	-43.39344	-9.783478E-007	2.244479E-005	9	0.0001077	0.0500001	1466.619	0.1693044	1.979589E-005	0.0068276	-0.0069609	0.083273	-4.524725	0.0001598	0.0001131	6.449176E-006	-1.472033E-005	0.0010228	-0.0012514	-7.200056E-006	-4.969154E-005	5.078409E-005	3.795033E-005	-2.412102E-005	-9.762182E-006	0.0001538	-0.0002129	1.176726E-005	-3.869379E-005	1.158396E-005	8.05283E-006	1.570629E-005	1.023506E-005	1.947E-005	-3.188447E-005	-6.15581E-006	4.522392E-005	1.891051E-006	2.032346E-006	1.339242E-005	5.097245E-007	1.877925E-006	-3.708149E-006	-1.500209E-005	4.72751E-006	6.840128E-008	1.129298E-006	3.340305E-006	7.796101E-006
	57	96	3.008665	375.8021	-356.8808	1	518.2578	-43.52069	-9.073685E-007	2.272119E-005	9	0.0000965	0.05	1466.619	0.1717332	3.213242E-005	0.006136	-0.0062128	0.0888392	-4.524611	0.000143	0.0001061	-6.452669E-006	2.93905E-006	0.00095	-0.0011187	1.567393E-005	-0.0001195	4.570158E-005	3.598299E-005	-2.357061E-005	-3.397573E-005	0.000147	-0.0001912	-3.734372E-006	-2.023444E-005	1.052277E-005	7.863124E-006	2.913317E-005	-7.83871E-006	1.947236E-005	-2.893735E-005	2.218212E-005	4.235219E-005	1.808148E-006	1.936511E-006	-1.546403E-005	8.551404E-006	2.048015E-006	-3.357783E-006	1.152256E-005	8.786155E-006	1.302251E-007	9.794858E-007	2.669811E-005	2.397865E-006
	58	100	2.38186	420.8331	-401.2344	1	581.4547	-43.63428	-8.011726E-007	2.119563E-005	9	8.599072E-005	0.0499997	1466.619	0.1740021	2.995298E-005	0.0054858	-0.005521	0.0934641	-4.524493	0.0001276	0.0000985	-1.212442E-005	-1.357572E-005	0.000875	-0.000995	-3.69805E-006	-0.0001064	4.082802E-005	3.381782E-005	-5.392673E-005	-3.857714E-006	0.000139	-0.0001707	1.228088E-005	-8.476986E-006	9.552001E-006	7.596111E-006	3.368838E-005	2.80817E-006	1.911729E-005	-2.604769E-005	-1.053827E-005	3.81085E-005	1.657842E-006	1.813853E-006	-5.089213E-006	2.083834E-008	2.128385E-006	-3.164002E-006	-7.030555E-006	8.638017E-007	8.670759E-008	8.771603E-007	2.70789E-005	6.682705E-006
	59	105	1.890121	470.9137	-450.4375	1	651.6545	-43.72686	-7.004549E-007	2.034019E-005	9	7.67281E-005	0.0500002	1466.619	0.1760243	2.565763E-005	0.0049068	-0.0049144	0.0971224	-4.524462	0.0001139	9.095322E-005	5.844864E-006	-5.162628E-006	0.0008029	-0.0008859	-1.150742E-005	-6.830245E-005	3.654362E-005	3.156743E-005	-3.501308E-005	-2.755987E-006	0.0001305	-0.0001525	1.357589E-005	5.396112E-006	8.605777E-006	7.221675E-006	1.617963E-005	-1.568848E-005	1.852769E-005	-2.342321E-005	-1.544098E-005	7.218373E-005	1.534856E-006	1.778844E-006	9.246869E-007	-9.307231E-006	2.273519E-006	-2.914869E-006	1.477846E-005	-1.726399E-005	1.047229E-007	7.753079E-007	2.428959E-005	-5.124953E-006
	60	111	1.502404	526.7044	-505.0942	1	729.7518	-43.80016	-6.134683E-007	2.150626E-005	9	6.851619E-005	0.0499998	1466.619	0.1778519	2.617938E-005	0.00439	-0.0043801	0.0999457	-4.524364	0.0001019	8.382596E-005	4.308997E-006	9.239448E-006	0.0007345	-0.0007895	1.579174E-006	-8.493171E-005	3.273234E-005	2.932974E-005	-3.037648E-005	-4.241186E-006	0.0001216	-0.0001362	1.70432E-006	-3.006615E-005	7.719784E-006	6.869781E-006	1.918676E-005	1.69549E-005	1.771141E-005	-2.105284E-005	-5.743817E-006	5.768728E-005	1.413042E-006	1.727496E-006	-8.796459E-006	8.203613E-006	2.230219E-006	-2.659439E-006	-4.454284E-006	1.112098E-005	1.181106E-007	7.148847E-007	2.300611E-005	-5.89568E-006
	61	117	1.195791	588.9375	-565.86	1	816.7282	-43.85516	-5.510306E-007	2.235223E-005	9	6.122024E-005	0.0500003	1466.708	0.1794731	2.790032E-005	0.0039282	-0.0039079	0.1022064	-4.524357	9.117783E-005	7.696838E-005	1.787615E-005	4.400208E-006	0.0006702	-0.0007041	-5.142066E-007	-0.0000964	2.927811E-005	2.710479E-005	-3.095006E-005	3.456458E-006	0.0001128	-0.0001216	-9.858865E-006	-3.525022E-005	6.951788E-006	6.416216E-006	1.507043E-005	3.588502E-007	1.683466E-005	-1.890532E-005	-3.22878E-006	5.891523E-005	1.300912E-006	1.565841E-006	4.480244E-006	1.022231E-005	2.214787E-006	-2.421839E-006	5.461392E-006	-1.796056E-006	1.070221E-007	6.218288E-007	6.143586E-006	9.869633E-006
	62	125	0.9486946	659.3845	-635.1923	1	915.5639	-43.92942	-4.902705E-007	2.435218E-005	8	5.460731E-005	0.0499965	1466.619	0.180778	2.603381E-005	0.0035096	-0.00348	0.1037399	-4.523977	8.147832E-005	7.205702E-005	-2.103998E-005	2.167391E-005	0.0006085	-0.0006261	-6.357058E-005	-4.36064E-005	2.611284E-005	2.577085E-005	-3.385661E-005	-7.550932E-006	0.0001037	-0.0001077	-1.605018E-005	-1.367188E-005	6.151939E-006	6.558166E-006	1.473515E-005	2.579007E-006	1.565339E-005	-1.645511E-005	-1.618743E-005	5.446043E-005	1.102493E-006	1.85098E-006	9.342912E-006	-7.677591E-008	2.006844E-006	-1.832468E-006	1.564098E-005	1.14931E-005	3.898822E-008	8.688658E-007	2.833421E-005	2.563134E-005
	63	132	0.7515633	739.218	-712.8536	1	1026.939	-43.95983	-4.290296E-007	2.382846E-005	8	4.86889E-005	0.0500005	1466.619	0.1821283	1.985351E-005	0.0031319	-0.0031002	0.1052591	-4.524308	7.28396E-005	6.558033E-005	1.017179E-005	9.353374E-006	0.0005515	-0.0005573	-5.30244E-005	-1.199544E-005	2.330409E-005	2.352708E-005	-3.413124E-005	-1.595778E-005	0.0000952	-0.000096	9.709038E-006	-2.365437E-005	5.496706E-006	6.029832E-006	2.391229E-005	8.280971E-006	1.466296E-005	-1.476959E-005	-5.861745E-006	4.119903E-005	1.010802E-006	1.665194E-006	-4.236355E-006	6.35389E-006	1.982957E-006	-1.722947E-006	1.027598E-006	-5.174546E-006	6.72735E-008	7.566305E-007	-1.333072E-006	1.981843E-005
	64	140	0.5978954	827.0728	-798.0771	1	1149.337	-43.97785	-3.717238E-007	2.40988E-005	8	4.35039E-005	0.0500007	1466.619	0.1832843	1.993348E-005	0.0028	-0.0027684	0.10639	-4.524293	6.52438E-005	5.959626E-005	9.441632E-006	1.171661E-005	0.0004996	-0.0004972	-3.282401E-005	-3.113004E-005	2.085113E-005	2.143661E-005	-3.436605E-005	-3.00206E-007	8.719671E-005	-8.564206E-005	-6.388874E-007	-1.510958E-005	4.913447E-006	5.531443E-006	1.359719E-005	-2.488378E-007	1.36157E-005	-1.320643E-005	-6.868039E-006	5.47879E-005	9.02688E-007	1.509801E-006	1.019379E-005	6.742077E-006	1.880988E-006	-1.565628E-006	5.279435E-007	-1.041789E-005	5.70617E-008	6.634309E-007	1.70758E-005	2.591289E-005
	65	150	0.4763719	924.7361	-892.5488	1	1285.216	-43.9853	-3.196376E-007	2.352415E-005	8	3.89039E-005	0.0499999	1466.619	0.1843177	2.209164E-005	0.0025048	-0.0024749	0.1073242	-4.524204	5.849184E-005	5.407534E-005	1.50064E-005	5.410679E-006	0.0004521	-0.000444	-4.416775E-005	-4.733765E-005	1.867579E-005	1.949778E-005	-2.338016E-005	-6.866904E-006	7.96877E-005	-7.65031E-005	9.110663E-007	-3.325736E-005	4.420384E-006	5.049076E-006	2.644432E-005	5.604466E-006	1.262385E-005	-1.185378E-005	-2.243905E-006	5.399162E-005	8.227471E-007	1.355344E-006	4.165457E-006	-2.128014E-006	1.766763E-006	-1.418364E-006	-1.233886E-006	3.358116E-006	6.276605E-008	5.694492E-007	1.238962E-005	3.038673E-006
	66	161	0.3780242	1036.068	-999.911	1	1439.881	-43.9826	-2.722743E-007	2.324307E-005	8	3.472544E-005	0.0500005	1466.619	0.1852419	2.166858E-005	0.002236	-0.0022088	0.1080815	-4.52424	5.22673E-005	4.879776E-005	5.100155E-007	-9.460114E-006	0.0004079	-0.0003959	-3.219571E-005	-5.906041E-005	1.667758E-005	1.764271E-005	-2.668565E-005	8.705101E-006	7.24859E-005	-6.820853E-005	3.627501E-007	-1.85853E-005	3.963487E-006	4.5759E-006	2.213114E-005	1.051422E-005	1.161891E-005	-1.059349E-005	-3.78478E-006	5.381025E-005	7.471826E-007	1.203522E-006	2.973946E-006	-6.618678E-006	1.670593E-006	-1.31044E-006	1.199543E-006	-5.061157E-007	6.219852E-008	4.787507E-007	1.740723E-005	8.11764E-007
	67	176	0.3004808	1159.878	-1119.003	1	1611.672	-43.97242	-2.34321E-007	2.341022E-005	8	3.102394E-005	0.0500004	1466.619	0.1860716	2.414686E-005	0.0019976	-0.0019734	0.1086672	-4.524217	4.679368E-005	4.404963E-005	-8.032542E-006	-2.293011E-005	0.0003677	-0.0003534	-2.732687E-005	-7.763844E-005	1.492421E-005	1.593929E-005	-2.712139E-005	-1.346314E-006	6.584487E-005	-6.08759E-005	-1.25469E-005	-2.139257E-005	3.538091E-006	4.138745E-006	1.096155E-005	3.262947E-006	1.066733E-005	-9.488675E-006	-9.718934E-006	4.709268E-005	6.748123E-007	1.068546E-006	2.046931E-006	-2.306764E-005	1.563443E-006	-1.214072E-006	3.996538E-007	-1.120067E-005	6.512346E-008	3.983096E-007	1.056399E-005	2.783549E-006
	68	194	0.238186	1300.655	-1253.769	1	1806.554	-43.94846	-2.031016E-007	2.300306E-005	8	2.767054E-005	0.0499867	1466.708	0.1866845	2.498828E-005	0.0016571	-0.0018779	-0.1999468	-4.519856	4.6667E-005	3.367311E-005	5.661044E-006	1.770153E-005	0.0002594	-0.0003755	-4.588627E-005	-7.562602E-005	1.653708E-005	1.02197E-005	-2.157968E-005	7.826369E-006	3.749781E-005	-7.105997E-005	-1.685601E-005	-1.650781E-005	4.237214E-006	2.130052E-006	-3.968832E-006	-7.182011E-006	4.414242E-006	-1.196458E-005	2.138596E-005	5.164044E-005	8.701845E-007	4.93902E-007	3.773719E-006	-8.179342E-007	3.435525E-007	-1.677053E-006	4.004221E-006	-9.879937E-006	1.169865E-007	2.264969E-007	1.439871E-005	2.644956E-007
	69	217	0.1890121	1457.546	-1403.837	1	2023.66	-43.92466	-1.814119E-007	2.226614E-005	8	2.471024E-005	0.0500041	1467.251	0.1874387	2.52026E-005	0.0015026	-0.0016565	-0.1359868	-4.523809	4.091096E-005	3.156006E-005	3.825733E-005	-1.253939E-005	0.0002479	-0.0003254	-4.403853E-005	-6.805245E-005	1.429996E-005	1.011708E-005	-1.833961E-005	-4.688046E-006	3.878975E-005	-6.105373E-005	-4.445204E-006	-1.433096E-005	3.652254E-006	2.305715E-006	2.017524E-005	-1.268042E-005	5.286061E-006	-1.03128E-005	2.683187E-005	4.97452E-005	7.597209E-007	5.63824E-007	6.533228E-007	4.153932E-006	5.970633E-007	-1.477141E-006	9.493902E-006	1.058192E-005	1.199751E-007	2.354254E-007	1.585996E-005	1.369976E-006
	70	244	0.1502404	1631.735	-1569.976	1	2264.372	-43.89494	-1.7442E-007	2.329412E-005	8	2.208281E-005	0.050003	1467.251	0.1880311	2.231867E-005	0.0013585	-0.001466	-0.0853899	-4.524953	3.604816E-005	2.931737E-005	2.323324E-005	9.851094E-006	0.0002328	-0.0002833	-1.515821E-005	-7.00832E-005	1.242389E-005	9.735269E-006	-2.904609E-005	-1.697452E-006	3.827317E-005	-5.256365E-005	-1.42525E-005	-2.076349E-005	3.149176E-006	2.342013E-006	3.323192E-005	2.600253E-006	5.626109E-006	-8.83907E-006	9.550247E-006	3.818225E-005	6.489463E-007	5.89399E-007	-7.762575E-006	1.694076E-006	7.236195E-007	-1.2616E-006	4.241243E-006	4.881294E-006	9.585892E-008	2.354009E-007	1.308648E-005	2.705259E-006
	71	277	0.1193355	1828.223	-1758.002	1	2536.33	-43.87824	-2.64545E-007	2.366263E-005	8	1.971454E-005	0.0500022	1467.251	0.1884815	2.497439E-005	0.001224	-0.0012983	-0.0450322	-4.525456	3.179427E-005	2.778332E-005	1.332723E-005	-2.990913E-006	0.0002159	-0.000247	-3.907411E-005	-5.280286E-005	1.077829E-005	9.558726E-006	-3.246219E-005	-8.093718E-006	3.666584E-005	-4.512519E-005	-1.577893E-005	-3.072084E-005	2.682675E-006	2.528868E-006	2.619484E-005	-4.857314E-006	5.605873E-006	-7.372376E-006	-4.510396E-006	6.368931E-005	5.262482E-007	7.718263E-007	2.580229E-005	-4.353934E-006	7.346553E-007	-9.243714E-007	-1.020776E-005	4.922505E-006	4.955109E-008	3.644109E-007	1.850235E-005	-4.409348E-006
	72	317	0.0946587	2050.079	-1969.639	1	2842.939	-43.85359	-3.362666E-007	2.420243E-005	8	1.75882E-005	0.0500019	1467.341	0.1888724	2.216692E-005	0.0010997	-0.001151	-0.0128621	-4.525639	2.805929E-005	2.612952E-005	2.691429E-005	-2.646513E-005	0.0001983	-0.000216	-1.287297E-005	-6.186614E-005	9.384088E-006	9.239095E-006	-2.337969E-005	-2.298039E-007	3.445937E-005	-3.882333E-005	-1.682178E-005	-2.52836E-005	2.282162E-006	2.624788E-006	1.566089E-005	-6.229967E-006	5.405065E-006	-6.123721E-006	1.229625E-005	4.922249E-005	4.041012E-007	8.916745E-007	-2.703164E-006	-6.880961E-006	7.154576E-007	-6.248657E-007	5.085953E-006	1.117704E-006	-1.497028E-009	4.779722E-007	1.376472E-005	-6.921008E-006
