EXPLAIN
TAG	EISPOT
TITLE	LABEL	Potentiostatic EIS	Test Identifier
DATE	LABEL	2/6/2024	Date
TIME	LABEL	12:58:44	Time
NOTES	NOTES	1	Notes...
	
PSTAT	PSTAT	IFC1010-20135 JB	Potentiostat
VDC	POTEN	0.00000E+000	T	DC Voltage (V)
FREQINIT	QUANT	1.50000E+006	Initial Freq. (Hz)
FREQFINAL	QUANT	1.00000E-001	A Real Number
PTSPERDEC	QUANT	1.00000E+001	Points/decade
VAC	QUANT	5.00000E+000	AC Voltage (mV rms)
AREA	QUANT	1.00000E+000	Sample Area (cm^2)
SPEED	SELECTOR	1	Optimize for:
DRIFTCOR	SELECTOR	0	Drift Correction
THD	SELECTOR	1	THD
ZGUESS	QUANT	1.00000E+002	Estimated Z (ohms)
EOC	QUANT	-3.61446E-005	Open Circuit (V)
SEQUENCER	TOGGLE	TRUE	Run as Sequence
PSTATMODEL	IQUANT	64	Pstat Model
PSTATSECTION	LABEL	IFC1010-20135	Pstat Section
PSTATSERIALNO	LABEL	20135	Pstat Serial Number
CTRLMODE	IQUANT	1	Control Mode
ELECTROMETER	IQUANT	0	RE=0 or CS=1
IESTAB	IQUANT	0	I/E Stability
CASPEED	IQUANT	3	Control Amp Speed
CONVENTION	IQUANT	1	Current Convention
ICHRANGE	IQUANT	2	Ich Range
ICHRANGEMODE	TOGGLE	F	Ich Auto Range
ICHOFFSETENABLE	TOGGLE	T	Ich Offset Enable
ICHOFFSET	QUANT	0	Ich Offset (V)
ICHFILTER	IQUANT	4	Ich Filter
VCHRANGE	IQUANT	2	Vch Range
VCHRANGEMODE	TOGGLE	F	Vch Auto Range
VCHOFFSETENABLE	TOGGLE	T	Vch Offset Enable
VCHOFFSET	QUANT	0	Vch Offset (V)
VCHFILTER	IQUANT	4	Vch Filter
IERANGELOWERLIMIT	IQUANT	4	I/E Range Lower Limit
IERANGEMODE	TOGGLE	F	I/E AutoRange
IERANGE	IQUANT	11	I/E Range
ACHSELECT	IQUANT	0	Ach Select
ACHRANGE	IQUANT	2	Ach Range
ACHOFFSETENABLE	TOGGLE	F	Ach Offset Enable
ACHOFFSET	QUANT	0	Ach Offset (V)
ACHFILTER	IQUANT	1	Ach Filter
SENSECABLEID	IQUANT	13	Sense Cable ID
PWRCABLEID	IQUANT	13	Power Cable ID
DCCALDATE	LABEL	1/30/2024	DC Calibration Date
ACCALDATE	LABEL	1/10/2018	AC Calibration Date
FRAMEWORKVERSION	LABEL	7.10.3	Framework Version
INSTRUMENTVERSION	LABEL	4.91	Instrument Version
COMMVERSION	LABEL	3.10	Communications Version
CPUPLDVERSION	LABEL	2.22	CPU PLD Version
CTRLPLDVERSION	LABEL	0.00	CTRL PLD Version
PSTATPLDVERSION	LABEL	0.00	PSTAT PLD Version
ZCURVE	TABLE
	Pt	Time	Freq	Zreal	Zimag	Zsig	Zmod	Zphz	Idc	Vdc	IERange	Imod	Vmod	Temp	Ithd	Vthd	IHr1	IHi1	VHr1	VHi1	IHr2	IHi2	VHr2	VHi2	IHr3	IHi3	VHr3	VHi3	IHr4	IHi4	VHr4	VHi4	IHr5	IHi5	VHr5	VHi5	IHr6	IHi6	VHr6	VHi6	IHr7	IHi7	VHr7	VHi7	IHr8	IHi8	VHr8	VHi8	IHr9	IHi9	VHr9	VHi9	IHr10	IHi10	VHr10	VHi10
	#	s	Hz	ohm	ohm	V	ohm	°	A	V	#	A	V	°C	#	#	A	A	V	V	A	A	V	V	A	A	V	V	A	A	V	V	A	A	V	V	A	A	V	V	A	A	V	V	A	A	V	V	A	A	V	V	A	A	V	V
	0	4	1500059	4.487284	0.6892995	1	4.539917	8.733042	1.85554E-005	-0.0003044	10	0.0010265	0.0050431	1467.07	0.0023397	0.0032042	-0.0915335	0.0159034	-0.3944102	0.2297453	-4.823088E-005	0.0001957	0.0005785	0.0009404	1.023314E-005	4.588912E-005	-0.0002664	0.0002848	-6.365591E-007	-4.222385E-006	0.0002175	-6.898761E-005	-2.116896E-006	2.034745E-005	-0.0001877	0.0002225	-4.288974E-006	-1.08E-005	-0.0001731	-0.0003028	-1.578545E-005	2.563349E-006	-8.364209E-006	0.0002023	1.501781E-005	-1.054589E-005	0.0002694	-0.0004465	-2.240704E-005	8.449482E-006	-2.361648E-005	-0.0001129	1.28767E-005	5.027384E-005	0.0001888	0.0003841
	1	6	1191504	4.441309	0.5357779	1	4.473509	6.878644	1.796694E-005	-0.0002321	10	0.0013545	0.0063568	1467.612	0.0022607	0.0031723	-0.0583532	0.1078152	-0.1267806	0.5612111	0.000255	4.942412E-005	0.0016057	-0.0004411	-3.572752E-005	-5.438867E-005	-0.000196	-0.000135	1.033803E-005	1.923909E-006	0.0002697	8.887297E-005	1.279311E-005	3.799505E-005	2.346886E-005	0.0002752	1.768669E-005	1.922227E-005	-1.022127E-005	0.0001609	-2.42698E-005	2.16199E-005	-0.0004801	6.946991E-005	9.272248E-006	-1.676817E-005	-3.953186E-005	1.733168E-005	-4.941133E-006	6.556977E-006	2.099783E-005	0.0001121	-1.203653E-005	3.280479E-005	-0.0001135	0.0002362
	2	7	946464.9	4.415703	0.3933237	1	4.433186	5.090122	1.083161E-005	-0.0001975	10	0.001374	0.0062726	1467.522	0.0018027	0.002279	0.1227409	0.0200181	0.5667539	-0.0332313	-0.0002041	6.198353E-005	-0.0008855	0.0007273	-2.715818E-005	-3.110035E-005	5.143834E-005	-0.0000951	-9.127137E-006	-5.578623E-006	2.253533E-005	-1.40362E-005	8.226896E-006	-1.002138E-005	1.157378E-005	2.127688E-005	-2.768726E-005	-1.53922E-005	-0.0001628	-0.0001862	1.151301E-005	-8.566015E-006	0.0001022	-0.0001172	-1.591805E-006	-5.648676E-006	0.0002797	-0.0001304	-2.516842E-005	-8.093951E-006	-0.0000982	-1.464086E-005	-1.974323E-005	-2.090813E-005	-0.0001922	-0.0003472
	3	8	751816.4	4.395619	0.2606188	1	4.403338	3.393128	8.110916E-006	-0.0002447	10	0.0013882	0.0062243	1467.612	0.0010988	0.0015679	-0.0938457	-0.083546	-0.4823908	-0.2909789	-0.0000952	-8.646474E-005	-0.0005763	-0.0003556	1.169577E-005	1.304236E-005	0.0002277	0.0003081	1.077331E-005	-2.77005E-005	-2.336409E-005	-0.0001868	-5.557319E-006	1.163548E-005	-1.150509E-005	8.608308E-005	-1.075969E-005	7.643539E-007	-2.698042E-005	-0.0001047	1.590356E-005	-9.213459E-006	6.097776E-005	-7.689419E-005	-1.787546E-005	8.854724E-006	0.0001347	5.992292E-005	1.727842E-005	2.645073E-006	0.0001835	-0.000164	-5.619369E-007	1.072884E-006	-0.000156	6.242655E-005
	4	10	597246.1	4.382064	0.1529884	1	4.384734	1.999521	8.276575E-006	-0.0002256	10	0.0014237	0.0063131	1467.07	0.0011109	0.001668	0.1288602	-0.0004414	0.5639618	-0.0918855	-0.0000968	7.279159E-005	-0.0005278	0.0003873	-6.1751E-005	-9.373646E-006	-0.0003653	0.0003003	-1.421198E-006	2.170243E-006	0.0002303	0.0001538	-2.183637E-005	9.689946E-006	-9.289478E-005	-0.0002106	-1.555853E-005	3.578491E-006	-6.804116E-005	0.0001713	-1.636334E-005	9.293377E-006	0.0001062	0.0002167	-1.393422E-005	-8.369681E-006	-1.665717E-005	4.0062E-006	-8.455566E-006	1.493434E-005	6.515696E-005	9.255996E-005	1.078704E-006	1.287065E-005	-0.0001342	5.560694E-005
	5	11	474433.6	4.384282	0.0342245	1	4.384415	0.4472523	3.937948E-006	-0.0002292	10	0.0014359	0.0063399	1467.703	0.0014103	0.0015039	-0.1115016	-0.0667701	-0.5297701	-0.2204939	-0.0001418	-8.49089E-005	-0.0006091	-0.0001065	1.89197E-005	-4.739286E-005	7.853078E-005	-7.320429E-005	1.912587E-005	-5.631738E-007	0.0001179	2.663129E-005	-2.216674E-005	2.704485E-005	-0.0001315	0.0001435	-2.264365E-005	6.566173E-006	-0.0001798	-6.398129E-005	-8.591481E-006	3.925292E-006	-0.0003786	0.0001266	2.49251E-005	4.649773E-006	0.0002134	-4.94856E-005	1.054598E-005	-4.510804E-006	-0.0001037	9.933719E-006	-1.277815E-005	-2.269453E-005	0.0001796	-0.0001074
	6	13	376816.4	4.387501	-0.070364	1	4.388065	-0.9187946	8.374183E-006	-0.0002249	10	0.0014403	0.0063477	1466.98	0.0015528	0.0013313	0.0782058	-0.1042913	0.2784904	-0.5025177	3.37474E-005	0.000149	0.0001666	0.0003874	-4.313096E-005	-0.0000962	-0.0002089	-0.0001366	1.239858E-005	2.028907E-005	-2.198853E-005	-0.0001592	-5.428884E-006	-7.013023E-005	-0.0003696	-0.000152	-1.438789E-005	8.020928E-006	-0.0000961	-8.811244E-005	1.126586E-005	3.869529E-006	-8.070097E-005	-0.0002209	1.151627E-005	3.631692E-006	3.634021E-005	-2.560485E-005	3.366207E-006	1.607556E-005	5.529542E-005	-5.910407E-005	-1.18505E-005	-6.952731E-006	-0.0002676	-8.32358E-005
	7	14	299355.5	4.396011	-0.1756635	1	4.399519	-2.288308	3.953441E-006	-0.0002352	10	0.0014443	0.0063718	1467.612	0.002147	0.0016422	0.0521504	-0.1198721	0.1561039	-0.5551834	0.0000988	7.660536E-005	0.00041	0.0002243	-6.220633E-005	-0.0002379	-0.0003091	-0.0006525	-5.832292E-006	-1.001556E-005	-2.025394E-005	-0.0001628	1.437613E-006	-3.418356E-005	4.45717E-005	3.699423E-005	-6.703079E-006	-1.207774E-005	2.858415E-005	-0.0001967	9.353156E-006	-2.728729E-005	-6.347337E-005	-7.81084E-005	6.665359E-007	-7.768395E-006	5.641091E-005	-4.571351E-005	-4.777104E-007	-6.72415E-006	2.473418E-006	-0.0001776	1.483876E-005	-3.453229E-006	0.0001566	0.0001265
	8	16	237832	4.408818	-0.2853835	1	4.418045	-3.703598	8.011663E-006	-0.0002355	10	0.0014486	0.0064113	1466.889	0.002513	0.0022588	-0.1227749	-0.0460186	-0.5666104	-0.1252124	-7.101464E-005	-6.017946E-005	-0.000227	-0.0001703	0.0002832	0.0001085	0.0010923	0.0003301	-4.209655E-005	1.010386E-005	-0.0002488	-0.0001285	3.813067E-005	-5.922552E-005	-5.991944E-005	-3.768214E-005	9.702584E-006	-1.152011E-005	0.0001959	-7.691631E-005	-2.504722E-005	-1.847118E-006	-1.602876E-005	0.0003306	6.518851E-006	-1.17583E-005	6.575906E-005	-3.969228E-005	-5.668845E-007	-5.350216E-006	3.766455E-005	-0.0001539	-2.128072E-006	7.682247E-007	0.0002446	-8.583931E-005
	9	17	188847.7	4.418271	-0.4061052	1	4.436895	-5.251583	7.793E-006	-0.0002434	10	0.0014623	0.0064951	1467.612	0.0025154	0.0023856	-0.1012869	0.0851928	-0.3872425	0.4423048	-8.676569E-005	8.844066E-005	-0.0002644	0.0004157	0.0002129	-0.000198	0.000848	-0.0007774	-2.33152E-005	2.748758E-005	-0.000266	0.000272	-7.678782E-005	-1.724975E-005	-0.0002609	4.140171E-005	1.962131E-005	-2.030577E-005	0.0001843	-0.0001699	3.783144E-005	1.175836E-005	0.0001512	4.065083E-005	-9.274693E-006	-7.734198E-007	0.0001856	-3.019883E-005	-4.239847E-007	1.108667E-005	-0.0001865	0.000142	2.260301E-005	2.020819E-005	-7.328765E-005	-5.536388E-005
	10	19	150058.6	4.438179	-0.5475695	1	4.471831	-7.03344	7.787329E-006	-0.0002461	10	0.0014241	0.0063728	1467.522	0.0010629	0.0011389	-0.0638775	-0.1119556	-0.3669251	-0.4450455	-1.661829E-005	-5.446944E-005	-0.0001307	-0.0002657	6.963115E-005	8.072425E-005	0.0004046	0.0002586	4.008983E-005	-1.63597E-006	3.584381E-005	-7.234969E-005	-2.697972E-005	-2.446826E-005	-0.0001145	-5.424466E-005	-7.392141E-006	1.164139E-005	-0.0001265	2.607761E-005	1.761178E-005	-2.917514E-006	0.000168	-2.836273E-005	1.151778E-005	9.871263E-006	4.480314E-005	3.636023E-005	1.40164E-007	3.903144E-006	1.003454E-005	-4.984928E-005	2.057361E-005	-6.821008E-006	0.0001934	4.141079E-005
	11	20	119238.3	4.46456	-0.7139384	1	4.521284	-9.085382	7.194254E-006	-0.0002512	10	0.0013987	0.0063265	1467.251	0.0005358	0.0006507	0.0716289	0.1043779	0.4100943	0.399624	-4.83981E-006	-2.477974E-005	-0.000136	-0.000098	-1.260108E-005	-4.944645E-005	-0.0001605	-0.0001682	-1.142093E-005	8.612096E-006	-5.364535E-005	-1.227105E-005	7.685434E-006	2.303385E-005	-2.740405E-005	8.956233E-005	-1.666854E-005	-5.48644E-006	2.386869E-005	-0.0001075	5.798987E-006	-4.043134E-006	8.612132E-005	3.139605E-006	-4.204968E-006	-6.192368E-006	-4.088236E-005	-3.709342E-005	2.408971E-006	-5.910119E-006	7.184828E-005	-2.623274E-005	-8.840159E-006	5.641758E-006	-6.448409E-005	0.0001108
	12	22	94746.09	4.501735	-0.9084867	1	4.59249	-11.40951	2.670653E-006	-0.0002567	10	0.0013705	0.0062959	1467.694	0.0005448	0.0011097	0.0972595	0.0769944	0.5155528	0.2427368	1.09128E-005	-3.036915E-005	-0.0002785	-1.950841E-005	-3.547979E-005	-1.682853E-005	-0.0001854	-0.0001894	-1.655426E-007	-3.719616E-006	0.0002144	-0.000161	-1.605629E-005	-1.190335E-005	3.225775E-005	-0.0002072	-6.478979E-006	-1.322129E-005	-0.0001845	-0.0000981	-1.898653E-005	1.795706E-006	-0.000157	-0.0001282	-1.27987E-006	-1.391594E-005	6.542727E-005	-0.0001437	2.02423E-006	-5.761395E-006	-8.842676E-006	-0.0001423	-2.197735E-005	1.654657E-005	-6.522239E-005	3.859401E-005
	13	23	75292.97	4.542256	-1.122507	1	4.678901	-13.88112	7.18285E-006	-0.0002509	10	0.0013217	0.0061852	1467.251	0.0004386	0.0008021	-0.1193288	-0.0084361	-0.5491115	0.1089619	4.003639E-006	2.496585E-006	-2.927519E-005	6.805733E-005	1.260825E-005	-1.88211E-005	0.0002618	-0.0001864	2.019946E-005	-1.900247E-006	0.0000954	-2.520811E-005	-1.898757E-005	2.567307E-006	0.0001111	-2.956344E-005	9.74696E-006	1.661829E-005	-7.600816E-006	-5.307701E-005	1.207594E-005	-5.014009E-007	7.147924E-005	0.0001626	-5.94667E-006	1.916976E-005	8.007418E-005	-4.977501E-005	7.898081E-006	1.915346E-005	7.050065E-005	-5.827147E-005	9.141746E-006	-2.366956E-006	-1.104223E-005	-0.0001346
	14	24	59824.22	4.605472	-1.418069	1	4.818848	-17.1141	7.226394E-006	-0.0002512	10	0.0012734	0.0061371	1467.612	0.0005606	0.0009765	0.0800052	-0.0829665	0.2412633	-0.5003373	2.011319E-005	3.293072E-005	0.0001796	8.200074E-005	1.538626E-005	-2.858113E-005	-2.872106E-005	0.0001733	-9.242213E-006	1.492148E-005	-0.0001082	0.0001296	-1.389417E-006	1.672038E-005	-3.82925E-005	2.140203E-005	-6.616699E-006	-2.061401E-005	3.903825E-005	-0.0002449	-4.44241E-006	-4.67559E-006	-0.0001852	0.0002718	-8.787612E-006	1.529336E-005	-0.0001018	-7.951913E-005	3.279798E-006	-1.010392E-005	-5.422755E-005	-4.839153E-006	9.836207E-006	-3.522612E-006	3.210737E-005	-5.937927E-005
	15	26	47519.53	4.68433	-1.755708	1	5.002546	-20.54623	2.768266E-006	-0.0002588	10	0.0011814	0.0059104	1466.98	0.0006348	0.0009811	0.1041932	-0.0240302	0.4413514	-0.302293	-2.375187E-005	3.030151E-005	2.906704E-005	8.861208E-005	3.823824E-005	-2.014549E-005	6.050617E-005	-0.0003155	-1.734006E-006	9.920623E-006	9.32999E-005	9.218464E-005	-2.35138E-005	-3.456023E-006	-0.0001149	7.303013E-005	6.92124E-006	-1.327654E-005	-6.922848E-005	-0.0002	1.130061E-005	7.777358E-006	-3.791788E-005	7.335516E-005	-5.802024E-006	-3.4665E-006	-0.0001753	-0.0001319	-1.007784E-005	4.255737E-006	-0.0001239	-3.83549E-005	1.427427E-006	-3.384253E-006	-9.464893E-005	4.774937E-005
	16	27	37792.97	4.783709	-2.161788	1	5.249496	-24.31851	7.003833E-006	-0.0002513	10	0.0010715	0.0056252	1467.612	0.0007688	0.0010005	-0.0854278	-0.0459125	-0.5083241	-0.0287855	-1.994625E-005	-2.000411E-005	-4.757197E-005	0.0001069	-7.285505E-006	-4.158531E-005	-4.558639E-005	-0.0003005	-6.496325E-006	-2.690009E-006	-1.796521E-005	3.485801E-005	-1.132587E-005	2.136978E-005	-4.278474E-005	0.0002178	1.30886E-005	-9.015087E-006	1.907797E-005	2.765562E-005	3.690147E-006	2.818613E-005	-0.0001578	6.982591E-005	-2.472493E-005	-1.69524E-006	-7.600338E-005	0.0001126	1.667294E-005	-4.514587E-007	-0.0001557	-2.955506E-005	-1.865416E-005	-6.650052E-006	-0.0001647	-3.184705E-005
	17	29	29941.41	4.918319	-2.671414	1	5.596991	-28.50886	7.282318E-006	-0.0002514	10	0.0009595	0.0053706	1466.98	0.0010225	0.001374	-0.0618469	0.06097	-0.136829	0.4664395	2.14295E-005	3.718265E-005	0.0003419	-0.0002279	6.295473E-005	-1.771593E-005	0.0001628	-0.0001165	-1.724693E-006	8.771094E-006	1.206179E-005	1.700903E-005	6.062677E-006	1.969376E-005	0.0001543	0.0002791	1.898414E-005	-3.58405E-006	-0.0001658	2.157525E-005	-4.306786E-006	1.012252E-005	-0.0001531	0.0001242	-1.008646E-005	-3.421884E-006	2.102833E-005	-3.138138E-005	1.516403E-005	1.092529E-005	2.069422E-005	0.0001356	-1.553894E-005	-8.025091E-006	-0.0002143	-4.625764E-005
	18	30	23847.66	5.09976	-3.276251	1	6.061466	-32.71801	7.130285E-006	-0.000252	10	0.0008425	0.0051071	1467.612	0.0014587	0.0015371	-0.0169274	-0.0743558	-0.3324109	-0.3212059	7.68574E-005	-3.605034E-005	-8.229586E-005	-0.0002812	4.600908E-005	-2.282826E-005	0.0003098	-0.0002857	1.400628E-005	-1.528824E-005	0.0001458	8.001039E-005	-1.283007E-005	-2.647977E-005	-6.000978E-005	-0.0001485	-1.810666E-005	1.047651E-005	7.598335E-005	3.319676E-005	5.23225E-007	6.263144E-008	-0.0001417	-0.0001317	1.256319E-005	1.747877E-005	7.420778E-006	0.0001858	-1.580361E-005	7.011753E-006	-0.0001915	-0.0001275	2.539251E-006	-5.154755E-006	0.0002102	0.00011
	19	32	18925.78	5.362159	-4.013487	1	6.697823	-36.81424	2.867355E-006	-0.0002577	10	0.000743	0.0049766	1467.07	0.0018356	0.0016558	0.0221003	0.0635146	0.3749494	0.2496032	7.769937E-005	-4.92075E-005	-0.0001197	-0.0003858	-3.02631E-005	4.123145E-005	-0.0001255	0.0002969	4.791189E-006	-2.370976E-005	-7.504738E-005	-0.0002537	4.983693E-005	-2.726243E-006	0.0003401	-6.418816E-005	3.551482E-006	-1.329594E-005	7.140264E-005	-2.384326E-005	7.251423E-006	-7.948199E-006	0.0001012	-0.0000981	-9.821903E-006	1.193723E-006	-2.278946E-006	4.169578E-005	-2.029962E-005	-5.718816E-006	-0.0001274	-0.0001077	-7.333861E-006	1.365066E-005	-0.0002014	6.094296E-005
	20	33	15058.59	5.717996	-4.886758	1	7.521694	-40.51812	7.403381E-006	-0.0002543	10	0.0006536	0.0049161	1467.251	0.0026291	0.0018089	-0.0590483	-0.003562	-0.3537453	0.2699037	-0.0001068	-6.734818E-005	-0.0003491	0.0002594	1.005165E-005	4.121693E-005	0.0002817	4.226167E-006	1.07034E-005	-5.228242E-006	-3.265684E-005	0.0001367	-5.845622E-005	7.437091E-006	-0.0002518	-0.0000968	2.468936E-005	-9.242766E-006	0.0002588	-0.0001106	1.439545E-005	-5.092415E-006	0.000127	-0.0001386	1.49057E-005	9.0393E-006	0.0001575	0.0001402	1.971179E-005	2.473721E-005	0.0001684	7.75638E-005	-2.438482E-005	-3.83283E-006	-0.0002184	-0.0002136
	21	35	11863.43	6.242916	-5.961466	1	8.632095	-43.67892	-2.268521E-006	-0.0001571	10	0.0005648	0.0048758	1467.612	0.0031518	0.0014418	-0.0150836	0.0488484	0.1982812	0.3942584	3.10345E-005	0.0001207	0.0002784	0.0001076	-5.765115E-005	-4.317656E-005	-0.0001737	1.451001E-005	-1.308542E-005	1.021502E-005	-0.0001546	0.0001029	-1.506406E-005	4.775752E-005	-7.541106E-005	0.0003063	2.874029E-005	1.829387E-005	6.210059E-006	-4.032395E-005	-7.684555E-006	2.377667E-005	-1.79807E-005	0.0002017	1.018409E-005	8.005882E-007	6.642006E-005	-0.0001751	5.347014E-006	4.344736E-006	-0.0001308	-6.78592E-005	-2.285041E-005	-1.031711E-006	-0.0002116	-8.47747E-005
	22	36	9432.87	6.941445	-7.127438	1	9.94907	-45.75742	1.511935E-007	0.0001288	9	0.000592	0.0058902	1466.889	0.0032955	0.0022842	0.0461589	-0.0272122	0.1261048	-0.5179948	-0.0001162	0.0001279	0.000785	0.0008907	-2.687065E-005	1.671887E-005	-3.959659E-005	0.0002078	-1.425477E-006	1.462351E-006	1.344504E-005	-3.814465E-005	-1.236174E-005	-7.037482E-006	-5.420252E-005	-2.648216E-005	-6.597752E-006	4.460948E-006	-5.214709E-005	-5.538576E-005	3.915891E-006	4.202302E-007	-3.625407E-005	5.270587E-005	6.466871E-007	-3.50646E-006	-6.081677E-005	2.746983E-005	3.360154E-006	1.366832E-006	4.341081E-005	4.734378E-005	-4.504332E-006	-8.288772E-007	-3.46104E-005	-6.031432E-005
	23	37	7558.594	7.82318	-8.397156	1	11.47669	-47.02663	-1.34627E-007	5.691076E-005	9	0.0004097	0.0047021	1467.522	0.0034078	0.0018321	-0.037076	-0.0006366	-0.2952366	0.3065234	-9.013306E-005	-7.931295E-005	-0.0005053	0.0004969	2.636638E-005	1.674718E-005	0.0001405	7.102248E-005	-2.093963E-006	-2.47921E-007	5.776063E-006	3.343815E-005	-1.421233E-005	1.424654E-005	2.753874E-005	0.0001971	-4.214934E-006	5.87829E-006	-0.0001114	8.483615E-005	4.637928E-006	3.173773E-006	-3.371389E-005	-7.388998E-006	-5.292474E-006	-1.193504E-006	-6.256207E-005	-7.227239E-005	4.347879E-006	-5.073992E-006	8.219527E-005	1.699664E-007	2.632791E-006	1.875014E-006	4.072208E-005	4.177098E-005
	24	39	5960.648	9.041945	-9.86194	1	13.37964	-47.48377	2.496736E-007	0.0001293	9	0.000354	0.0047367	1466.889	0.0037096	0.0016184	0.011315	-0.0299775	-0.193496	-0.3825645	-4.204943E-005	0.0000988	0.0005651	0.0001893	3.978758E-005	5.014561E-006	0.0002394	-0.0001891	8.014802E-006	4.423258E-006	5.317433E-005	-4.268625E-005	5.306036E-006	-2.220942E-005	1.389952E-005	-7.384103E-005	-1.923429E-006	-3.524591E-006	-1.403736E-006	-0.0001146	9.685755E-007	-8.510339E-006	4.783482E-005	-2.988917E-005	7.977855E-006	-6.757401E-006	3.015716E-005	-1.773669E-005	-8.924289E-006	-7.534983E-006	-3.134593E-005	-6.540353E-005	-6.79528E-006	-1.513399E-007	-5.015173E-006	-1.04002E-005
	25	40	4746.094	10.50176	-11.32208	1	15.44268	-47.15262	-8.796537E-007	5.198007E-005	9	0.0003129	0.0048319	1467.522	0.0042239	0.0015263	0.0058462	0.0277093	0.3752038	0.2246781	2.317363E-005	9.382906E-005	0.0003561	-0.0001991	-2.224979E-005	4.604619E-005	9.263773E-005	0.0002888	7.913419E-006	5.152957E-006	-2.061343E-005	4.715193E-005	2.280502E-005	-3.754119E-005	-4.688745E-005	-0.0003156	-1.329492E-006	8.05725E-006	-2.281205E-005	0.0000975	-1.894019E-006	-1.331166E-006	4.871469E-005	-4.634076E-005	4.076835E-006	6.535847E-006	-5.708077E-006	0.0001533	2.35012E-006	1.186811E-005	0.0001383	0.0000963	6.685004E-007	-7.462136E-006	-0.0001262	-1.638895E-005
	26	42	3761.574	12.2953	-12.82094	1	17.76375	-46.19891	2.049344E-007	0.0001282	9	0.0002741	0.0048694	1467.341	0.0044091	0.0014589	-0.0209005	0.0133687	-0.0854605	0.4323626	-4.515952E-005	-6.230369E-005	-0.0001111	0.0001631	4.606141E-005	-2.721416E-005	0.0001461	-0.0003751	4.747213E-006	-6.609772E-007	2.338306E-005	-4.816085E-005	3.564166E-005	-3.979932E-005	0.0001083	-0.0004	-2.960063E-006	7.201234E-006	2.361753E-005	-5.205262E-005	4.77588E-006	-8.053096E-006	-2.279889E-005	-6.365477E-005	3.257999E-006	-6.204654E-006	-2.297084E-005	-7.862296E-005	6.595161E-006	-9.381621E-008	5.209795E-005	-0.0001132	4.244415E-006	-6.831718E-006	-2.257188E-005	-8.518128E-005
	27	43	2993.223	14.32107	-14.23477	1	20.19213	-44.82685	1.299568E-007	0.000127	9	0.0002432	0.0049115	1467.431	0.0042352	0.0015234	0.0008552	0.0219986	0.3254592	0.3028007	-4.599562E-005	4.061015E-005	1.986721E-005	-4.040428E-005	-3.505819E-005	4.046902E-006	-0.000203	0.00033	-4.544928E-007	-2.413872E-007	7.230294E-005	4.538801E-006	5.199293E-005	2.671192E-005	0.0004993	-0.0001223	-9.793309E-006	4.58495E-006	-5.165465E-005	2.267379E-005	3.579713E-006	-5.138304E-006	6.571785E-005	-6.834558E-005	8.640127E-007	4.173606E-006	3.357517E-005	4.75517E-005	-1.781333E-006	-3.007081E-006	5.27642E-005	-3.18112E-005	7.462026E-006	-4.881208E-006	0.0001317	-1.523912E-005
	28	44	2372.685	16.62017	-15.60388	1	22.79718	-43.19359	2.234978E-007	0.0001291	9	0.0002156	0.0049145	1467.431	0.0040845	0.0013776	0.0130834	0.0144753	0.4433257	0.0363538	2.449123E-005	3.971515E-005	2.659997E-005	-0.0001288	9.445968E-006	2.474235E-005	0.0002852	-3.658772E-005	3.988913E-006	1.108259E-006	6.87264E-005	-4.069415E-006	-4.211596E-005	-3.1474E-005	-0.0004702	0.000155	1.029441E-005	1.312139E-005	-7.744926E-005	-1.993147E-005	1.183397E-005	3.582863E-006	4.462575E-005	1.714565E-005	-1.744447E-006	8.427665E-006	-5.400717E-005	0.0001166	-1.199875E-005	-1.191002E-006	-1.308275E-005	-7.258846E-006	4.114518E-007	6.377973E-006	-1.466397E-005	-2.99816E-006
	29	46	1886.433	19.04783	-16.87571	1	25.44817	-41.53981	-1.909712E-009	5.687471E-005	9	0.0001953	0.00497	1466.889	0.0037811	0.0013987	0.0143005	-0.0103897	0.0970012	-0.4392468	2.281653E-006	-4.256744E-005	-5.784911E-005	6.986898E-006	-1.852208E-005	-1.123434E-005	-6.200287E-005	0.0003566	2.916306E-006	4.2629E-006	5.081948E-005	5.554722E-005	-4.156928E-005	6.24331E-006	-0.0002658	0.0003588	7.662704E-006	2.446825E-006	-2.796063E-005	4.639977E-005	-8.814711E-006	2.989735E-006	-2.010749E-005	0.0000955	3.644614E-006	-8.454526E-006	-2.580648E-005	-1.589139E-005	-6.614647E-006	5.830152E-006	-0.0001717	0.0000995	5.324691E-006	-6.680625E-006	-4.517661E-005	-4.035678E-005
	30	47	1506.696	21.57187	-18.0616	1	28.1348	-39.93862	-6.164652E-008	5.458676E-005	9	0.0001768	0.0049746	1467.522	0.0038303	0.0012749	0.0117144	-0.0109033	0.0557215	-0.4467904	7.536306E-006	-3.503072E-005	2.670474E-005	0.0001457	-2.61123E-005	-1.858287E-006	-0.000128	0.0002564	3.222434E-006	1.959052E-007	-6.205892E-005	-5.271939E-005	-3.253082E-005	1.693563E-005	-0.0001624	0.0004237	-8.070202E-007	-4.07429E-006	3.907894E-005	1.013698E-005	-1.003828E-005	7.517592E-006	-5.282276E-005	-2.189295E-005	-9.217402E-007	-4.342758E-006	-2.635177E-005	-7.129881E-005	-1.090746E-005	4.632864E-006	-9.79798E-006	-1.94239E-005	-9.645774E-006	-2.219276E-006	2.025813E-005	3.740471E-005
	31	49	1185.994	24.29889	-19.32195	1	31.0447	-38.49096	2.305652E-007	0.0001288	9	0.0001605	0.0049838	1466.889	0.0034842	0.001452	0.0099326	0.0106048	0.4462632	0.0657297	-1.000903E-005	2.60814E-005	-8.749986E-005	-8.55215E-005	5.418711E-006	6.564103E-006	0.0003444	8.868739E-005	-9.084158E-006	-2.676185E-006	1.865951E-005	9.16312E-005	-1.623884E-005	-2.790016E-005	-0.0004112	-0.000202	4.544432E-006	9.426438E-006	-3.91109E-006	3.665368E-005	7.925875E-006	9.848809E-006	0.0002336	2.559694E-005	2.604916E-006	-3.917508E-006	-7.240277E-005	-8.381904E-006	7.78347E-006	-1.206554E-005	-2.225535E-005	-7.021457E-005	1.408844E-006	8.868126E-006	1.652027E-005	3.585662E-005
	32	50	948.6607	26.94593	-20.53155	1	33.87666	-37.30572	-9.014889E-007	5.049485E-005	9	0.0001467	0.0049714	1467.522	0.0039323	0.001664	0.0098289	0.0089337	0.4482752	0.0388926	-1.160654E-005	2.460052E-005	-0.0001439	-0.0001289	7.961455E-006	1.683418E-005	0.0004204	-6.329665E-005	-6.025396E-006	4.838443E-006	-0.0001548	-4.848001E-006	-2.22007E-005	-2.539539E-005	-0.0004782	-0.0001158	-9.274017E-006	1.845387E-006	-9.032899E-006	-8.55066E-005	6.647519E-006	7.162424E-006	9.218324E-005	-3.796072E-005	-2.763554E-006	-1.114572E-005	-1.201965E-005	-2.712105E-005	-4.905961E-007	-6.138363E-006	-9.492355E-005	3.899867E-005	5.413742E-006	-7.728829E-006	0.0002183	8.407515E-006
	33	52	752.3148	29.78312	-21.91548	1	36.97733	-36.34696	2.0986E-007	0.0001272	9	0.0001351	0.0049938	1467.522	0.0038402	0.0015758	0.0121541	-0.0013005	0.3334678	-0.3051138	1.58348E-005	5.399415E-006	-9.364292E-005	0.0001352	8.671021E-006	-8.730161E-006	-0.0002717	-5.10465E-005	-1.961213E-006	7.406197E-008	0.00019	6.475102E-005	3.114413E-005	-8.398434E-006	0.0003779	-0.0003818	1.896959E-006	4.314104E-006	1.62815E-005	0.0001561	4.670339E-006	4.080532E-006	4.442426E-005	0.0001147	4.498328E-006	-1.23204E-005	-3.397856E-005	-2.721406E-005	-1.620089E-005	7.897943E-006	-5.98092E-005	0.0001123	-4.665461E-006	-1.218625E-005	-0.00011	-7.086005E-005
	34	53	599.564	32.60298	-23.37813	1	40.11846	-35.6426	-8.772031E-007	5.130432E-005	9	0.0001243	0.0049865	1466.889	0.0031218	0.0016599	0.000703	-0.0112279	-0.2395863	-0.3824881	-6.827429E-006	-1.364845E-005	-6.117882E-005	-0.000234	1.396397E-005	-1.797133E-006	0.0004416	-0.0001699	-1.022625E-006	-8.917851E-006	9.184843E-005	0.0001624	9.176038E-006	-1.247935E-005	-0.0001504	-0.0003177	6.735485E-006	9.255209E-007	3.468711E-006	-8.67243E-005	-7.45419E-006	4.918184E-007	-0.0002203	8.225511E-005	6.222617E-007	-1.327416E-005	-7.190161E-005	-0.0001361	-1.769594E-006	-4.406321E-006	-1.009234E-005	8.563465E-005	-7.892454E-006	-1.087642E-005	-0.0001631	-4.396309E-006
	35	54	474.0168	35.69704	-25.17608	1	43.68196	-35.1942	-9.775567E-008	8.464872E-005	9	0.0001147	0.0050118	1467.522	0.0027785	0.0015306	0.0079327	0.0067007	0.4518489	0.0400069	-1.458039E-005	1.408911E-005	-0.0001134	6.252388E-005	2.666049E-006	6.339644E-006	0.0004014	-0.000156	2.299046E-006	2.104192E-006	0.0000973	1.466787E-005	-1.400748E-005	-9.073309E-006	-0.0004426	0.0001532	5.013339E-006	-7.608688E-007	0.0001458	-9.54629E-006	3.067311E-006	2.384516E-006	5.683443E-005	-5.656261E-005	-4.281553E-006	-1.047265E-007	5.062949E-005	-3.330201E-005	-7.690906E-007	-3.182578E-007	-4.132326E-005	0.0000983	4.970127E-006	1.115972E-006	-7.610234E-005	4.7151E-005
	36	56	377.1552	38.84317	-27.15447	1	47.39364	-34.95662	-1.24681E-007	8.609584E-005	9	0.000105	0.0049763	1467.341	0.0028107	0.0013517	0.0084765	0.0042964	0.4459912	-0.0628807	-6.107127E-006	1.514706E-005	6.189104E-006	2.688542E-005	6.396935E-006	2.588116E-006	0.000234	-0.0003001	-3.874287E-006	-3.69303E-006	4.859874E-005	-6.109943E-006	-1.154647E-005	1.155639E-005	5.320972E-005	0.0003568	-8.397329E-007	1.368695E-006	-6.132201E-005	-4.482829E-005	-7.772761E-007	-6.363772E-006	-0.0001301	-7.42958E-005	3.609326E-006	1.257602E-006	4.343502E-005	6.604451E-005	3.902562E-006	2.864475E-006	0.0002018	-0.0001156	-4.205927E-006	-2.044333E-006	-6.321306E-005	-2.945773E-006
	37	57	298.2954	42.32663	-29.53277	1	51.61132	-34.90483	-1.834381E-007	2.90985E-005	9	0.0000969	0.0050016	1467.341	0.0031357	0.0011413	-0.0079455	0.0037148	-0.2268876	0.3917278	1.844286E-005	1.001914E-005	0.0001076	-5.153183E-006	-2.519784E-006	2.789529E-006	0.0001231	-0.0001874	-2.529978E-007	2.302637E-006	-0.000145	-4.175842E-005	7.53303E-006	1.268452E-005	0.0003437	-7.305074E-005	-3.005444E-007	-1.875495E-006	0.0001144	-0.0001075	5.42694E-006	-2.128654E-007	0.0001337	6.940874E-005	6.526876E-006	7.400231E-007	3.182865E-005	-2.942179E-005	9.47206E-007	1.080134E-006	5.572953E-005	-2.680613E-005	-6.411429E-007	-1.610042E-007	6.455602E-005	-3.963756E-005
	38	58	236.7424	45.98471	-32.1903	1	56.13207	-34.99286	-1.096467E-007	8.693471E-005	9	8.89954E-005	0.0049956	1467.431	0.0029299	0.001425	0.0052397	0.0061178	0.4378205	0.1129131	-1.607379E-005	-1.692799E-006	-0.000107	1.225853E-005	3.646339E-006	5.231341E-007	0.0003628	-4.469837E-005	2.205743E-007	-6.685195E-006	-4.344202E-005	-0.0001562	-1.166464E-005	-6.57161E-006	-0.0004481	-4.746952E-006	-1.529361E-006	7.640629E-007	-1.317304E-005	-0.000104	1.948039E-006	-1.509107E-007	4.188262E-005	-8.443604E-005	-5.475392E-006	-2.521789E-006	-7.51291E-005	1.819944E-005	-2.516001E-006	-1.533503E-006	-3.054785E-005	-2.177665E-005	1.505556E-006	-2.036402E-006	0.0001219	-2.510706E-005
	39	60	189.0121	49.86344	-35.25663	1	61.06875	-35.26274	-2.709455E-007	2.622197E-005	9	8.162378E-005	0.0049847	1466.799	0.0021671	0.0012702	0.0042836	0.0060191	0.4257425	0.1493048	-9.50732E-006	-4.292569E-006	-6.306266E-005	0.0000997	3.604655E-007	-6.027743E-006	0.0003486	-2.451707E-005	4.078538E-008	-2.378489E-006	0.0001463	-2.296688E-005	-6.466668E-006	-5.750372E-006	-0.0003527	5.350821E-005	-2.95503E-007	2.180226E-006	9.214977E-005	7.225201E-005	1.391237E-006	2.564048E-007	0.0001151	-5.201764E-005	1.15834E-006	-1.328699E-006	-7.77708E-005	3.015809E-005	-3.67763E-006	-1.804016E-006	-3.334182E-005	-5.062996E-005	-5.823241E-007	-1.851298E-006	3.389362E-005	-4.161011E-005
	40	61	149.6011	54.21189	-38.81333	1	66.67386	-35.601	-9.679772E-008	2.638445E-005	9	7.486825E-005	0.0049918	1467.431	0.0030617	0.0014038	-0.003333	0.0058999	0.0481447	0.4492318	9.240914E-006	-7.351237E-006	1.564354E-005	-2.433721E-006	-8.467175E-006	2.087972E-006	-0.0004615	2.052629E-005	8.122515E-008	8.058232E-007	6.773823E-005	3.593159E-006	-9.144816E-006	4.1607E-006	-0.000156	0.0003455	3.582954E-007	1.335422E-006	-3.931346E-007	0.0001116	3.684054E-006	2.880621E-006	0.0000969	-6.584533E-005	3.235993E-006	-2.582161E-006	-2.575846E-005	-1.55688E-005	-6.656665E-007	-1.970322E-006	6.980481E-005	-5.708182E-005	-6.262462E-006	5.375929E-006	-6.98396E-005	1.632993E-005
	41	63	119.1737	58.89251	-42.78111	1	72.79114	-35.99567	-2.584342E-007	2.738177E-005	9	6.78638E-005	0.0049399	1467.431	0.0040645	0.001409	-0.0012528	-0.0060132	-0.3309474	-0.3006326	-6.723593E-006	-1.527077E-005	-0.0000985	-7.411641E-005	-8.987362E-006	-3.894029E-006	-0.0003752	-0.0001921	1.737408E-007	-2.144414E-006	1.543527E-005	0.0001074	-1.985056E-006	9.222831E-006	0.0002313	0.0002138	3.962208E-006	4.375466E-006	0.0001314	2.876064E-005	4.598787E-007	-5.979123E-006	-0.0000979	-0.0001524	-4.995072E-006	2.101697E-007	-0.0001291	-5.084603E-005	5.085412E-007	6.160353E-006	2.085744E-005	0.0001437	1.289684E-006	-4.429593E-006	-2.039253E-005	3.61437E-005
	42	64	94.69697	74.56145	-44.47425	1	86.81802	-30.81514	-6.729344E-007	8.631682E-005	9	5.796611E-005	0.0050325	1466.98	0.0039753	0.0007582	0.0013435	-0.0022531	2.053718E-005	-0.2277455	5.348278E-006	3.277909E-006	1.3688E-005	-4.465E-005	-2.17366E-006	-1.987065E-006	-3.9835E-005	5.975137E-005	-2.437715E-006	3.612577E-006	-7.504342E-005	1.74747E-005	8.997013E-007	3.79934E-006	3.004109E-005	6.07055E-005	-1.426346E-006	3.352967E-006	-3.901317E-005	-9.048644E-006	1.916431E-006	1.360748E-006	-1.359766E-005	8.000294E-006	5.18663E-007	6.473747E-007	-1.648712E-005	-4.98925E-005	7.622293E-007	4.640005E-007	-2.80292E-005	-5.615122E-005	-1.078268E-006	2.245213E-006	-4.726446E-005	3.416679E-005
	43	65	75	86.56615	-46.91661	1	98.4625	-28.45655	-4.638002E-007	8.687965E-005	8	5.083821E-005	0.0050057	1467.431	0.003313	0.0009331	0.0011091	-0.0020157	0.0015041	-0.2265255	4.940621E-006	2.732845E-006	1.886307E-005	-6.255052E-005	1.33419E-006	-2.306201E-006	1.771556E-005	7.312949E-006	9.898904E-007	-3.641136E-007	2.217601E-005	-4.731491E-005	-5.919756E-007	-1.549306E-007	0.0000965	6.302554E-005	-1.257929E-006	-1.833711E-006	-8.29126E-005	9.725278E-006	-1.048524E-006	-9.461365E-007	-0.0001091	-1.927593E-005	3.447985E-007	2.183766E-006	1.670141E-005	2.754971E-005	-1.419854E-006	1.663786E-006	-2.190087E-005	4.107037E-005	8.394281E-007	-5.620042E-007	-3.635614E-005	1.671549E-005
	44	67	54.50581	81.80403	-60.11118	1	101.5148	-36.30916	-5.079566E-007	2.708354E-005	8	4.923718E-005	0.0049983	1466.889	0.0034518	0.0008034	0.0026894	-0.0035535	0.006496	-0.4523484	1.165521E-005	2.503611E-006	3.941095E-005	-3.59021E-005	2.069646E-006	-4.98985E-006	2.658712E-005	3.880768E-005	-9.543984E-007	8.632073E-007	4.386094E-005	-1.897265E-005	-9.093275E-007	2.193032E-006	-4.66747E-005	0.0002101	-1.745029E-006	1.693181E-006	-6.510925E-005	0.0001049	-1.086024E-006	5.013624E-006	-3.426689E-005	0.0002288	4.222602E-008	1.262924E-008	2.983431E-005	-2.544444E-005	1.073735E-006	-6.566189E-008	1.227445E-005	-9.325429E-006	-7.379677E-007	4.910102E-006	7.907314E-005	4.001542E-005
	45	68	45.95588	84.27524	-66.40585	1	107.2942	-38.23684	-4.152321E-007	2.639751E-005	8	4.656834E-005	0.0049966	1467.431	0.0032773	0.0006352	0.0024316	-0.0034428	-0.0234891	-0.4516323	1.067531E-005	3.854588E-006	7.511699E-006	4.179318E-005	1.103119E-006	-5.277119E-006	-2.862612E-005	2.362722E-006	-6.43966E-007	1.229714E-006	-4.811394E-005	2.37283E-005	-6.84886E-007	2.349892E-006	-4.489977E-005	7.182975E-005	-7.397722E-007	6.510763E-007	-1.329935E-005	2.02255E-005	-7.854033E-007	4.659589E-006	0.0000979	0.0002315	-5.885159E-008	8.476745E-007	-3.270818E-005	-8.487842E-007	-3.06718E-008	8.796169E-007	2.338225E-005	6.293965E-006	-1.973931E-007	4.134217E-007	5.349168E-006	-6.641245E-005
	46	70	37.5	91.24902	-73.16071	1	116.9567	-38.72158	-3.790941E-007	2.155916E-005	8	4.274279E-005	0.0049991	1466.98	0.0033737	0.0005801	0.0023041	-0.0031076	-0.016937	-0.4521524	1.024814E-005	4.247173E-006	5.001872E-005	3.983558E-006	9.025061E-007	-4.98369E-006	3.461848E-005	3.87587E-005	-3.928582E-007	1.459569E-006	-2.413115E-005	1.964892E-005	3.142013E-007	-8.856479E-008	-0.000117	-8.566113E-005	-8.744647E-007	8.726602E-007	-2.482726E-005	8.122195E-005	-9.94347E-007	2.098444E-006	-3.449946E-005	0.0001343	-1.668814E-007	5.976399E-007	4.712067E-005	3.384789E-005	-1.047254E-006	3.157446E-006	1.747994E-005	8.562545E-005	-5.460516E-007	7.585022E-007	-4.292263E-005	4.89809E-005
	47	71	30.04808	100.0735	-81.32752	1	128.9529	-39.10001	-4.037064E-007	2.500208E-005	8	3.878215E-005	0.0050011	1467.251	0.0035769	0.0006184	0.0021451	-0.0027785	-0.0111639	-0.452512	9.730047E-006	5.557694E-006	0.0001155	2.458325E-005	1.518343E-006	-3.888002E-006	-7.902855E-007	0.0001135	-6.118281E-007	1.572237E-006	-6.468147E-005	4.436902E-005	-1.640692E-007	1.464682E-006	5.117993E-005	-3.615359E-006	-1.016217E-006	5.761631E-007	-8.90708E-005	-4.546402E-005	4.181456E-007	-4.412942E-007	-7.342263E-005	-0.0001286	-6.476658E-007	5.277052E-007	2.539885E-005	2.061819E-005	-7.842483E-007	2.445707E-006	4.594907E-005	5.072032E-005	-6.267584E-007	4.676504E-007	-3.138132E-005	-6.387539E-005
	48	73	23.91582	109.8046	-90.93154	1	142.5679	-39.62888	-3.635741E-007	2.43864E-005	8	3.505592E-005	0.0049979	1466.98	0.0037177	0.0004712	0.0019855	-0.0024749	-0.0069182	-0.4523034	8.834091E-006	5.82441E-006	6.661713E-005	0.0001058	1.788238E-006	-3.959118E-006	-7.927061E-005	-3.548398E-006	-4.008563E-007	1.074644E-006	5.620357E-006	-4.049052E-005	1.201352E-007	6.861237E-007	-5.931856E-005	-2.071109E-005	-5.455296E-007	2.292918E-007	-1.82277E-005	-1.815333E-005	-7.786258E-007	1.679549E-006	6.678645E-005	9.152781E-005	-5.75019E-007	4.590356E-007	-2.128814E-005	7.298644E-006	-4.379418E-007	1.315711E-006	-1.400022E-005	-2.955893E-005	-4.399445E-007	2.615288E-007	5.300136E-005	3.304202E-006
	49	74	18.8253	121.466	-102.1666	1	158.7198	-40.06762	-3.20804E-007	2.155081E-005	8	3.150531E-005	0.0050005	1467.522	0.0039508	0.0003725	0.0018201	-0.0021951	-0.0031095	-0.4525863	8.049235E-006	5.736371E-006	5.212642E-006	-4.72541E-005	2.383011E-006	-3.909338E-006	-2.162994E-005	-2.706518E-005	-1.346089E-007	1.073088E-006	2.597889E-005	-2.378444E-005	-7.487653E-007	1.932297E-006	2.832711E-005	8.401817E-005	-7.193158E-007	3.136411E-007	-5.074004E-005	-4.884455E-005	1.326771E-007	5.418196E-007	-1.836693E-005	-6.61749E-005	-5.711682E-007	3.286787E-007	-4.806953E-005	-4.682618E-006	-2.580418E-007	9.921741E-007	-4.83502E-007	3.870978E-005	-1.113767E-007	6.101527E-007	4.746663E-005	1.020252E-005
	50	76	15.02404	133.4706	-114.1038	1	175.5963	-40.52708	-2.929583E-007	2.393437E-005	8	2.847136E-005	0.0049995	1466.98	0.0040756	0.0003823	0.0016733	-0.0019598	-0.0002152	-0.4525012	7.322858E-006	5.682322E-006	0.0000987	1.075431E-005	2.420562E-006	-3.53741E-006	5.868296E-005	-3.781118E-005	-3.916267E-007	7.895551E-007	-1.643173E-006	-1.185222E-005	-5.857129E-007	1.431462E-006	-1.865378E-005	8.322706E-006	-5.191051E-007	3.666269E-007	-5.022865E-005	4.92932E-005	-2.583365E-007	7.568406E-007	1.349452E-005	-1.548947E-005	-3.318529E-007	4.405147E-007	-3.145947E-005	4.641079E-005	-5.440289E-007	8.783945E-007	9.83887E-006	6.613704E-005	-6.01147E-007	2.719853E-007	-3.656161E-005	-1.771456E-005
	51	77	11.95791	147.3315	-127.6467	1	194.9366	-40.90536	-2.616034E-007	2.490297E-005	8	2.565164E-005	0.0050004	1466.889	0.0040645	0.0002313	0.0015281	-0.0017479	0.0020853	-0.4525843	6.562957E-006	5.520989E-006	-1.008946E-005	-1.095008E-005	2.04129E-006	-2.906186E-006	7.101888E-006	2.037185E-005	-3.365295E-007	7.031135E-007	-4.209681E-005	-3.580427E-005	-1.601257E-008	8.866232E-007	2.296685E-005	1.729073E-006	-5.031344E-007	3.415335E-007	-4.754254E-005	-4.597206E-006	3.234527E-008	3.76443E-007	-1.545803E-005	-7.0053E-006	-1.908793E-007	6.365835E-007	-3.900031E-006	5.217821E-005	-1.562567E-007	6.161126E-007	-2.58048E-005	1.768538E-006	-2.28054E-007	2.853185E-007	2.507702E-006	-2.654802E-005
	52	79	9.52744	162.7928	-142.786	1	216.5395	-41.2541	-2.338395E-007	2.501243E-005	8	2.309072E-005	0.0050001	1467.251	0.0042188	0.0003015	0.0013912	-0.0015596	0.0038357	-0.4525372	5.997652E-006	5.18299E-006	2.840676E-005	-3.222128E-005	2.250126E-006	-2.686544E-006	-5.466573E-006	9.774893E-006	-3.771494E-007	7.152576E-007	-8.688306E-005	7.157127E-006	-3.601946E-007	9.418563E-007	1.310324E-005	4.138335E-005	-3.560473E-007	3.438372E-007	-5.90848E-005	-1.689546E-005	-3.595288E-007	5.222396E-007	-2.408508E-005	6.672781E-007	-2.27541E-007	3.075102E-007	-4.691611E-005	-6.065021E-007	-1.81657E-007	2.64019E-007	-2.386267E-006	-2.028436E-005	-1.105109E-007	2.137021E-007	5.766138E-006	-1.21801E-005
	53	81	7.524077	180.6494	-160.4236	1	241.5987	-41.6063	-2.051769E-007	2.201564E-005	8	2.069197E-005	0.0049992	1467.07	0.0043602	0.0002062	0.0012601	-0.0013855	0.0053924	-0.4524399	5.43128E-006	4.998864E-006	4.357677E-005	9.727974E-007	2.109189E-006	-2.425993E-006	3.757305E-008	1.06206E-005	-2.25833E-007	6.426615E-007	-4.454117E-005	6.193655E-006	-6.177835E-008	5.27461E-007	1.963656E-005	2.717121E-005	-3.941078E-007	2.796924E-007	-2.81644E-005	2.218723E-005	-3.054429E-007	5.308289E-007	-1.761996E-005	1.520893E-007	-3.786155E-007	3.040309E-007	1.143619E-005	-2.064811E-005	-2.511624E-007	3.69494E-007	-8.274511E-007	-2.04714E-005	-1.563131E-007	2.169399E-007	3.020497E-005	-7.97731E-006
	54	83	5.98659	200.1048	-179.6281	1	268.9019	-41.91337	-1.824498E-007	2.184703E-005	8	1.859553E-005	0.0050004	1466.889	0.0045052	0.0002455	0.0011422	-0.0012361	0.0065446	-0.4525349	4.907912E-006	4.686518E-006	5.546598E-005	9.798623E-007	2.089012E-006	-2.275144E-006	-2.164468E-005	1.360362E-005	-2.121851E-007	5.555517E-007	-2.646596E-005	1.162358E-005	-2.64421E-007	7.484209E-007	7.618946E-006	4.722452E-005	-3.92156E-007	3.428654E-007	-1.825292E-005	2.821803E-005	-1.235385E-007	4.677272E-007	4.52509E-005	3.691306E-005	-2.973557E-007	2.973643E-007	-2.237024E-005	-2.677152E-006	-9.441829E-008	3.961518E-007	-1.242952E-005	-1.124331E-005	-1.328081E-007	2.33179E-007	-1.102421E-005	6.217218E-006
	55	85	4.76372	221.9233	-201.1718	1	299.5331	-42.19208	-1.645837E-007	2.45759E-005	8	1.669324E-005	0.0050002	1466.889	0.0045936	0.0002183	0.001033	-0.0011026	0.0074617	-0.4525031	4.409797E-006	4.41556E-006	5.930119E-005	4.061658E-006	1.943599E-006	-2.012958E-006	-4.001008E-005	2.463497E-005	-2.803536E-007	5.249044E-007	-4.3302E-005	1.182099E-005	-1.853732E-007	5.377526E-007	-2.8754E-006	2.917983E-005	-3.284505E-007	2.704969E-007	-1.314397E-005	3.296453E-006	-1.501267E-007	4.005346E-007	-2.000306E-006	-6.303949E-006	-1.36567E-007	3.53039E-007	-2.032421E-005	-2.55397E-006	-2.07051E-007	3.562523E-007	-9.415818E-006	1.768166E-005	-6.044048E-008	1.945282E-007	3.844063E-006	-8.893295E-006
	56	88	3.76506	247.0784	-226.0374	1	334.8741	-42.45355	-1.428722E-007	2.251418E-005	8	1.493101E-005	0.005	1466.889	0.0046958	0.000212	0.0009301	-0.0009804	0.0082135	-0.4524747	3.981248E-006	4.053403E-006	6.094766E-005	-2.812869E-005	1.910748E-006	-1.853359E-006	-1.441516E-005	-2.913485E-005	-1.334247E-007	4.278343E-007	-1.666365E-005	-3.369974E-006	-1.246071E-007	5.416096E-007	-1.779993E-005	1.968157E-005	-2.602892E-007	1.735284E-007	-3.292787E-005	6.940714E-006	-7.506334E-008	3.881073E-007	9.507799E-006	-1.719526E-005	-7.60083E-008	1.930666E-007	-2.221746E-005	-2.193869E-006	2.638444E-009	2.469465E-007	1.762906E-005	-1.648301E-005	-1.42918E-008	1.922708E-007	-6.600066E-006	2.514818E-006
	57	90	3.008665	273.9881	-252.6507	1	372.6954	-42.67986	-1.285035E-007	2.520983E-005	8	1.341562E-005	0.0049999	1466.889	0.0047056	0.0002029	0.0008403	-0.0008765	0.0087914	-0.4524578	3.554825E-006	3.752385E-006	4.980949E-005	5.263399E-006	1.648245E-006	-1.567354E-006	1.3789E-005	4.83307E-005	-1.694653E-007	3.794992E-007	-8.461445E-006	1.489307E-005	-7.301334E-008	4.113842E-007	5.936701E-006	2.299539E-005	-2.102888E-007	1.40823E-007	-3.440967E-005	7.459639E-007	-8.576627E-008	3.067789E-007	1.381477E-005	5.129397E-006	-1.243343E-007	2.293791E-007	4.454967E-006	1.274143E-005	-1.915441E-007	3.361688E-007	-7.785567E-007	2.670124E-005	-4.094364E-008	1.569233E-007	-1.461836E-005	-5.371862E-006
	58	93	2.38186	305.4354	-283.6778	1	416.85	-42.88486	-1.137516E-007	2.573047E-005	8	1.199603E-005	0.0050005	1466.98	0.0048004	0.0002182	0.000755	-0.0007803	0.0092836	-0.4525026	3.185911E-006	3.403933E-006	4.230588E-005	-9.189736E-006	1.630449E-006	-1.513737E-006	-1.653495E-005	-8.344124E-007	-1.337494E-007	3.027283E-007	-4.473823E-005	-2.699664E-005	-1.385024E-007	3.261284E-007	-1.840371E-005	2.938278E-005	-1.838944E-007	1.035605E-007	-4.762304E-005	-1.282174E-005	-9.092856E-008	2.403733E-007	1.039339E-005	1.47935E-005	-8.450025E-008	2.078232E-007	-1.961854E-005	-4.006733E-006	-1.124881E-007	2.155648E-007	-1.605558E-005	8.867464E-006	-5.251696E-008	1.453254E-007	-1.024323E-005	-8.573211E-006
	59	97	1.890121	340.3596	-318.1117	1	465.8752	-43.06488	-9.856873E-008	2.389714E-005	8	1.073193E-005	0.0049997	1466.889	0.0048537	0.0001874	0.0006783	-0.0006953	0.0096765	-0.4524215	2.835653E-006	3.134181E-006	4.287454E-005	1.809055E-005	1.462315E-006	-1.346016E-006	-1.260678E-005	3.05093E-005	-1.355393E-007	3.21364E-007	-9.002922E-006	2.408825E-005	-1.353856E-007	3.32212E-007	6.017202E-006	2.579817E-005	-1.620674E-007	1.084968E-007	-4.469427E-005	1.383483E-006	-1.815261E-008	2.137601E-007	-2.446119E-006	-1.422201E-005	-5.581934E-008	1.620529E-007	5.172915E-006	1.912202E-006	-3.030164E-008	1.762105E-007	6.022543E-006	-1.183424E-005	-5.876883E-008	1.192766E-007	-1.012813E-005	7.677263E-006
	60	101	1.502404	379.2495	-356.4872	1	520.4933	-43.22795	-8.671153E-008	2.376603E-005	8	9.606789E-006	0.0050003	1466.889	0.0049196	0.0001727	0.0006093	-0.0006203	0.0099437	-0.4524636	2.558741E-006	2.842856E-006	5.047143E-005	-1.134316E-005	1.398426E-006	-1.199829E-006	2.477551E-006	2.365614E-006	-7.75599E-008	2.430518E-007	-1.208093E-005	-2.909402E-005	-8.838198E-008	2.893657E-007	5.94111E-007	1.440575E-005	-1.328999E-007	5.879724E-008	-2.980759E-005	-2.184792E-006	-4.592131E-008	1.930455E-007	7.265771E-007	2.227773E-005	-6.678602E-008	1.009546E-007	-1.178683E-005	-8.593249E-006	-2.268553E-008	1.697895E-007	2.255815E-005	-6.143128E-006	-2.082834E-008	1.108174E-007	7.624272E-006	-4.013085E-006
	61	105	1.195791	422.622	-399.1514	1	581.3185	-43.36403	-7.498104E-008	2.500939E-005	8	8.60138E-006	0.0050001	1466.889	0.0049475	0.0001761	0.0005471	-0.0005538	0.0101843	-0.4524466	2.275228E-006	2.564797E-006	5.924245E-005	-2.466568E-007	1.273776E-006	-1.110257E-006	-1.054372E-005	1.19667E-005	-9.286488E-008	1.773822E-007	-2.350958E-005	4.180933E-006	-8.108783E-008	2.574225E-007	5.570633E-006	2.381637E-005	-1.383551E-007	8.346956E-008	-3.567057E-005	6.009523E-006	-7.441032E-008	1.861824E-007	-5.87784E-006	1.485423E-006	-4.221784E-008	8.557777E-008	-4.688133E-006	-1.580105E-006	-4.061986E-008	1.724191E-007	2.915753E-006	8.521602E-007	-2.72812E-008	6.938217E-008	-6.056013E-006	2.424895E-006
	62	111	0.9486946	472.0211	-447.8931	1	650.7012	-43.49756	-7.647097E-008	2.109668E-005	8	7.684154E-006	0.0050001	1466.889	0.0050852	0.000165	0.0004902	-0.0004934	0.0103693	-0.4524376	2.010852E-006	2.4787E-006	4.174848E-005	4.483754E-006	1.136922E-006	-8.537752E-007	1.228327E-006	3.098412E-005	-1.248241E-007	2.609841E-007	-2.272622E-005	-3.184182E-006	-7.670361E-008	2.921241E-007	1.112695E-005	6.938841E-006	-1.389976E-007	9.366431E-008	-4.327588E-005	-7.712502E-006	-2.783418E-008	1.761327E-007	-7.152151E-006	8.313989E-006	-4.392451E-008	1.451695E-007	-7.96441E-007	-4.569266E-006	-4.545155E-008	1.458604E-007	2.98176E-006	-6.99483E-006	-5.37084E-008	1.229596E-007	-6.139891E-007	-4.640017E-006
	63	116	0.7515633	527.739	-502.5254	1	728.725	-43.59809	-6.698958E-008	2.211835E-005	8	6.861022E-006	0.0049998	1466.889	0.0051205	0.0001865	0.0004386	-0.0004396	0.0105271	-0.4524078	1.798737E-006	2.229636E-006	5.292858E-005	2.09242E-005	1.043855E-006	-7.879494E-007	3.967027E-006	1.622957E-005	-9.561155E-008	1.95162E-007	-3.740959E-005	-4.556697E-006	-6.664551E-008	2.204361E-007	4.010464E-006	8.07269E-006	-1.188851E-007	7.866356E-008	-3.786386E-005	-5.814317E-006	-3.332162E-008	1.76278E-007	-8.711651E-006	1.019776E-006	-5.336643E-008	1.02739E-007	-2.026607E-005	4.62139E-006	-5.723769E-008	1.218705E-007	-4.727889E-006	4.517977E-006	-5.137464E-008	8.231859E-008	-8.472373E-006	3.955327E-006
	64	123	0.5978954	589.1669	-562.6851	1	814.6976	-43.68296	-6.048035E-008	2.527208E-005	8	6.137315E-006	0.0050001	1466.889	0.0051114	0.0001664	0.000393	-0.0003926	0.0106118	-0.4524291	1.590373E-006	1.983682E-006	3.569848E-005	1.843964E-007	9.631249E-007	-7.243129E-007	-4.427872E-006	1.792271E-005	-8.737835E-008	1.674019E-007	-3.352838E-005	-1.012202E-005	-6.58115E-008	2.177625E-007	1.395163E-005	2.106063E-005	-9.096358E-008	4.719936E-008	-4.063818E-005	-3.42717E-006	-4.462801E-008	1.393121E-007	-6.686213E-006	9.097927E-006	-4.621053E-008	6.68017E-008	-2.930698E-006	-5.091723E-006	-2.100978E-008	1.105652E-007	1.055405E-005	5.833761E-006	-3.651531E-008	7.258222E-008	-1.346556E-005	6.051247E-006
	65	131	0.4763719	657.4811	-629.218	1	910.0531	-43.74167	-3.97014E-008	2.370208E-005	7	5.490239E-006	0.0049964	1466.889	0.0051243	0.0001468	0.0003517	-0.000351	0.0103969	-0.4521039	1.445411E-006	1.754497E-006	3.615963E-005	6.835626E-006	8.75842E-007	-6.681683E-007	1.659222E-005	1.744939E-005	-4.255845E-008	1.443758E-007	-1.461429E-005	9.901916E-006	-5.586845E-008	1.849786E-007	5.981841E-006	2.131555E-005	-9.83082E-008	2.914317E-008	-3.721211E-005	-4.87311E-006	-2.901106E-008	1.18492E-007	8.745308E-006	8.957002E-006	-1.48334E-008	6.479286E-008	1.961715E-006	-1.344619E-006	-2.945626E-008	9.208975E-008	1.087581E-006	2.725705E-006	-1.780791E-008	5.82495E-008	9.253505E-006	-2.151093E-006
	66	141	0.3780242	735.5568	-705.1183	1	1018.939	-43.78964	-3.335915E-008	2.348044E-005	7	4.90778E-006	0.0050007	1466.799	0.0051703	0.0001843	0.0003148	-0.0003134	0.0105525	-0.4524911	1.319256E-006	1.56641E-006	4.63649E-005	-1.491373E-005	7.882286E-007	-6.258663E-007	-6.612086E-006	1.740124E-005	-5.692346E-008	1.017238E-007	-3.050783E-005	-1.98467E-006	-4.864297E-008	1.4593E-007	9.899668E-006	1.555973E-005	-7.925884E-008	1.96319E-008	-5.005365E-005	6.263072E-007	-9.172255E-009	8.890015E-008	-9.452576E-006	-6.249452E-006	-3.319384E-008	6.22822E-008	-1.502219E-005	7.847681E-006	-4.647473E-008	7.192148E-008	-2.99199E-006	-4.437535E-007	-2.742627E-008	4.982644E-008	-5.12731E-006	-2.171939E-006
	67	153	0.3004808	822.4933	-789.3536	1	1139.989	-43.82216	-2.742515E-008	2.450138E-005	7	4.386421E-006	0.0050005	1466.799	0.0051211	0.0001491	0.0002815	-0.0002799	0.0106134	-0.4524666	1.157063E-006	1.388339E-006	2.700857E-005	2.655524E-007	7.131391E-007	-5.578442E-007	4.278132E-006	3.236199E-005	-4.376853E-008	9.014389E-008	-2.886537E-005	-8.805128E-006	-6.493657E-008	1.37219E-007	-9.336539E-006	2.442903E-005	-4.809318E-008	1.309752E-008	-2.632947E-005	-1.385572E-005	-1.417538E-008	6.701305E-008	-2.504094E-006	-1.193792E-006	-2.761999E-008	3.824675E-008	-1.96349E-006	-6.748117E-006	-2.663546E-008	5.461641E-008	7.478709E-006	8.466966E-006	-1.210515E-008	3.709692E-008	6.844624E-006	-6.723182E-006
	68	167	0.238186	921.9857	-885.364	1	1278.252	-43.8392	-2.320699E-008	2.730092E-005	7	3.913867E-006	0.0050027	1466.98	0.0051122	0.0001665	0.0002337	-0.0002662	-0.0202426	-0.4523437	1.173829E-006	1.083837E-006	3.498868E-005	1.414621E-005	5.139623E-007	-6.532703E-007	1.38561E-005	-2.321009E-006	-4.280674E-008	6.734774E-008	-3.718848E-005	5.134541E-006	-2.329693E-008	1.020736E-007	1.076492E-005	1.525306E-005	-7.605491E-008	3.265166E-008	-4.246483E-005	9.89165E-006	-1.031026E-008	5.892377E-008	1.224922E-005	3.185356E-006	-2.801858E-008	4.468359E-008	-4.541712E-006	1.340173E-006	-2.146271E-008	6.043081E-008	8.601346E-007	1.173563E-005	-2.370894E-008	2.981039E-008	-8.853386E-006	4.771864E-007
	69	186	0.1890121	1032.394	-991.551	1	1431.436	-43.84393	-2.043185E-008	2.629814E-005	7	3.493486E-006	0.0050006	1467.074	0.0051315	0.0001686	0.000212	-0.0002346	-0.0138042	-0.4523921	1.030467E-006	1.009127E-006	3.72114E-005	-2.310015E-005	4.787541E-007	-5.446674E-007	2.981571E-006	3.812077E-005	-2.984939E-008	6.12165E-008	-2.692256E-005	-8.595715E-006	-2.617026E-008	8.057862E-008	-7.403841E-006	1.385063E-005	-6.647089E-008	2.832189E-008	-3.491069E-005	2.568631E-006	-1.258968E-008	6.275332E-008	1.058105E-005	2.263507E-006	-2.28597E-008	3.810317E-008	-1.367647E-006	-1.117791E-006	-1.558601E-008	4.110632E-008	2.452085E-006	6.500835E-006	-1.818535E-008	3.557329E-008	-2.429239E-006	2.126617E-007
	70	208	0.1502404	1155.26	-1109.176	1	1601.529	-43.83412	-1.901602E-008	2.738702E-005	7	3.122103E-006	0.0050001	1467.07	0.0051452	0.0001741	0.0001918	-0.0002076	-0.0087349	-0.4524708	9.053615E-007	9.159359E-007	5.113694E-005	1.493871E-005	4.5204E-007	-4.815237E-007	-1.060389E-005	2.015421E-005	-3.412539E-008	5.975414E-008	-2.234351E-005	-1.019581E-005	-3.196306E-008	6.698565E-008	-1.166557E-005	1.663466E-005	-6.253027E-008	1.288225E-008	-3.974699E-005	3.705543E-006	-7.478776E-009	4.887556E-008	-2.842921E-006	-4.474118E-006	-1.102058E-008	2.090496E-008	6.129267E-006	-4.032453E-006	-1.222725E-008	3.037837E-008	-2.608693E-006	-4.029121E-006	-1.688113E-008	2.062336E-008	-6.318006E-006	9.699128E-006
	71	234	0.1193355	1294.239	-1242.73	1	1794.278	-43.83686	-3.578762E-008	2.698761E-005	7	2.786887E-006	0.0050004	1466.98	0.0054435	0.0002104	0.0001728	-0.0001837	-0.004642	-0.4525616	7.851261E-007	9.747898E-007	6.634899E-005	-1.141102E-005	4.034653E-007	-3.16989E-007	-1.241852E-005	1.935529E-005	-5.018888E-008	1.189278E-007	-2.556879E-005	2.450521E-005	-3.820061E-008	1.256444E-007	6.827788E-006	2.563706E-005	-4.752588E-008	5.269692E-008	-3.633675E-005	1.364274E-005	-2.197908E-008	8.27331E-008	1.628039E-006	1.399314E-005	-2.854881E-008	5.000879E-008	-1.116865E-005	-1.85144E-007	-1.237368E-008	6.152004E-008	-8.941629E-006	-3.825918E-006	-1.794047E-008	3.967318E-008	-9.814657E-006	-5.46506E-006
	72	266	0.0946587	1451.372	-1393.225	1	2011.854	-43.82897	-4.963476E-008	2.670299E-005	7	2.485789E-006	0.005001	1467.522	0.0058658	0.0001821	0.0001553	-0.0001628	-0.0014323	-0.4526382	6.655514E-007	1.012811E-006	4.834149E-005	2.016406E-005	3.637415E-007	-1.909337E-007	-1.541857E-005	1.244561E-005	-4.359323E-008	1.660029E-007	-3.005151E-005	-7.498297E-006	-3.16452E-008	1.681423E-007	9.36407E-006	1.019848E-005	-4.978916E-008	1.008941E-007	-4.447322E-005	-1.915047E-006	-2.514889E-008	1.137994E-007	1.521752E-006	9.669347E-006	-2.731645E-008	8.105303E-008	-3.149151E-006	-4.026618E-006	-1.837953E-008	8.411757E-008	9.891053E-006	-2.195797E-006	-2.619163E-008	6.160565E-008	-1.705066E-005	-2.668676E-006
