EXPLAIN
TAG	EISPOT
TITLE	LABEL	Potentiostatic EIS	Test Identifier
DATE	LABEL	2/6/2024	Date
TIME	LABEL	13:31:51	Time
NOTES	NOTES	1	Notes...
	
PSTAT	PSTAT	IFC1010-20135 JB	Potentiostat
VDC	POTEN	0.00000E+000	T	DC Voltage (V)
FREQINIT	QUANT	1.50000E+006	Initial Freq. (Hz)
FREQFINAL	QUANT	1.00000E-001	A Real Number
PTSPERDEC	QUANT	1.00000E+001	Points/decade
VAC	QUANT	5.00000E+001	AC Voltage (mV rms)
AREA	QUANT	1.00000E+000	Sample Area (cm^2)
SPEED	SELECTOR	1	Optimize for:
DRIFTCOR	SELECTOR	0	Drift Correction
THD	SELECTOR	1	THD
ZGUESS	QUANT	1.00000E+002	Estimated Z (ohms)
EOC	QUANT	-3.61446E-005	Open Circuit (V)
SEQUENCER	TOGGLE	TRUE	Run as Sequence
PSTATMODEL	IQUANT	64	Pstat Model
PSTATSECTION	LABEL	IFC1010-20135	Pstat Section
PSTATSERIALNO	LABEL	20135	Pstat Serial Number
CTRLMODE	IQUANT	1	Control Mode
ELECTROMETER	IQUANT	0	RE=0 or CS=1
IESTAB	IQUANT	0	I/E Stability
CASPEED	IQUANT	3	Control Amp Speed
CONVENTION	IQUANT	1	Current Convention
ICHRANGE	IQUANT	2	Ich Range
ICHRANGEMODE	TOGGLE	F	Ich Auto Range
ICHOFFSETENABLE	TOGGLE	T	Ich Offset Enable
ICHOFFSET	QUANT	0	Ich Offset (V)
ICHFILTER	IQUANT	4	Ich Filter
VCHRANGE	IQUANT	2	Vch Range
VCHRANGEMODE	TOGGLE	F	Vch Auto Range
VCHOFFSETENABLE	TOGGLE	T	Vch Offset Enable
VCHOFFSET	QUANT	0	Vch Offset (V)
VCHFILTER	IQUANT	4	Vch Filter
IERANGELOWERLIMIT	IQUANT	4	I/E Range Lower Limit
IERANGEMODE	TOGGLE	F	I/E AutoRange
IERANGE	IQUANT	11	I/E Range
ACHSELECT	IQUANT	0	Ach Select
ACHRANGE	IQUANT	2	Ach Range
ACHOFFSETENABLE	TOGGLE	F	Ach Offset Enable
ACHOFFSET	QUANT	0	Ach Offset (V)
ACHFILTER	IQUANT	1	Ach Filter
SENSECABLEID	IQUANT	13	Sense Cable ID
PWRCABLEID	IQUANT	13	Power Cable ID
DCCALDATE	LABEL	1/30/2024	DC Calibration Date
ACCALDATE	LABEL	1/10/2018	AC Calibration Date
FRAMEWORKVERSION	LABEL	7.10.3	Framework Version
INSTRUMENTVERSION	LABEL	4.91	Instrument Version
COMMVERSION	LABEL	3.10	Communications Version
CPUPLDVERSION	LABEL	2.22	CPU PLD Version
CTRLPLDVERSION	LABEL	0.00	CTRL PLD Version
PSTATPLDVERSION	LABEL	0.00	PSTAT PLD Version
ZCURVE	TABLE
	Pt	Time	Freq	Zreal	Zimag	Zsig	Zmod	Zphz	Idc	Vdc	IERange	Imod	Vmod	Temp	Ithd	Vthd	IHr1	IHi1	VHr1	VHi1	IHr2	IHi2	VHr2	VHi2	IHr3	IHi3	VHr3	VHi3	IHr4	IHi4	VHr4	VHi4	IHr5	IHi5	VHr5	VHi5	IHr6	IHi6	VHr6	VHi6	IHr7	IHi7	VHr7	VHi7	IHr8	IHi8	VHr8	VHi8	IHr9	IHi9	VHr9	VHi9	IHr10	IHi10	VHr10	VHi10
	#	s	Hz	ohm	ohm	V	ohm	°	A	V	#	A	V	°C	#	#	A	A	V	V	A	A	V	V	A	A	V	V	A	A	V	V	A	A	V	V	A	A	V	V	A	A	V	V	A	A	V	V	A	A	V	V	A	A	V	V
	0	5	1500059	4.537449	0.7352815	1	4.596639	9.204615	0.0000968	0.0005882	11	0.0144923	0.0743107	1466.889	0.0031308	0.0052805	-0.6474921	1.140743	-1.871622	6.460176	0.0036592	-0.0011504	0.0138401	-0.0287396	0.0010787	-0.0009485	-0.0044513	-0.0148747	6.331503E-005	-2.91497E-005	0.0003817	8.953596E-005	0.0001083	-0.0000961	0.0005179	0.0003041	1.579151E-005	7.595518E-005	-0.0003212	0.0004517	4.615914E-005	2.461509E-005	-2.858043E-005	-0.0005673	-2.392661E-005	0.0000958	-7.098914E-005	0.0005407	0.000174	-7.821085E-005	0.00075	-0.0004628	-8.092822E-005	3.065309E-005	-0.000726	0.0001341
	1	6	1191504	4.500465	0.5671866	1	4.536065	7.183028	2.817648E-005	0.0001871	11	0.0143254	0.0699373	1467.341	0.0036316	0.0054549	-1.143544	-0.611099	-6.015163	-1.971497	-0.004003	0.0012091	-0.018201	0.0217662	-0.0017517	-0.001264	-0.0186301	0.0059835	1.874054E-005	-2.340938E-006	0.0003363	8.984469E-005	-0.0000967	-3.121654E-005	-0.0017794	-0.0002138	6.815221E-005	1.740269E-005	7.134024E-005	0.0004133	3.486406E-006	-3.312715E-006	-0.0001962	0.0004147	4.869932E-005	3.380119E-005	0.0006876	-5.708543E-005	1.761748E-005	2.934132E-005	0.0003269	0.0001727	-6.2997E-006	-1.374632E-006	-0.0001699	8.238107E-005
	2	8	946464.9	4.48181	0.4183923	1	4.501297	5.3333	3.275315E-005	0.000166	11	0.0143062	0.067581	1466.98	0.0042339	0.0059578	1.21697	0.4422984	5.980393	1.284247	-0.0030501	0.0023789	-0.0113449	0.0203137	0.0038673	0.0002049	0.0232731	-0.0154467	3.747176E-006	7.558428E-005	0.0004577	0.0006796	8.045975E-005	0.0001479	0.0018464	-0.0006793	-5.905191E-005	-2.07033E-005	-0.0007742	-0.0004562	2.171937E-005	-0.0002016	9.164587E-005	-0.0008373	4.117377E-006	4.864251E-005	0.0001227	0.000263	2.926233E-005	2.900138E-005	0.0003614	-0.0001185	-0.0001081	-1.563248E-005	-0.000414	3.352854E-005
	3	10	751816.4	4.470791	0.29361	1	4.480422	3.757387	3.140162E-005	0.0001753	11	0.0143909	0.0665214	1467.341	0.0056651	0.007451	-0.3839074	1.244649	-1.113273	5.917014	0.0022659	-0.0028158	0.0075927	-0.0184305	-0.0006898	-0.0063869	-0.0202534	-0.0345624	1.939945E-005	-1.067063E-005	0.0004685	0.0001179	-0.0002558	0.0001908	0.0014588	0.0026966	1.16434E-005	-1.331978E-005	0.0001936	-7.86055E-005	-4.899922E-005	1.879223E-005	-0.0002379	0.0006383	8.676201E-005	4.931958E-005	0.0003198	0.0002147	3.133807E-005	-2.615154E-006	0.0001621	-8.482487E-005	-2.98284E-005	-3.306196E-006	6.510317E-005	0.0002914
	4	11	597246.1	4.463579	0.1882863	1	4.467548	2.415465	3.525696E-005	0.0002615	11	0.0144053	0.0656564	1467.341	0.0075107	0.0090046	1.116964	0.6725553	5.365909	2.553585	-0.0031286	0.0016844	-0.0133925	0.0114024	0.0068679	0.0059687	0.0462617	0.0197754	5.277805E-005	3.576139E-005	0.0002632	0.0004216	-8.44542E-005	0.0006603	0.0028319	0.0037094	7.094955E-005	-2.080575E-005	0.0003102	-7.128717E-005	-5.994552E-005	6.361306E-005	-0.000186	0.0001221	2.463721E-005	-8.794759E-005	1.060963E-005	-0.000455	-2.461393E-005	-8.21408E-005	0.0001451	-0.0005756	7.626601E-006	7.627532E-006	0.0001809	-0.0000964
	5	13	474433.6	4.459416	0.0936886	1	4.4604	1.20356	3.453505E-005	0.0002615	11	0.0142312	0.0642908	1467.341	0.0093876	0.0107066	-0.9475395	0.8725101	-3.91276	4.307012	0.0032312	0.0002023	0.0154018	-0.0016116	0.0114918	0.0014488	0.0595234	-0.0063552	-0.0000954	4.910119E-005	-0.0006575	0.0003134	-6.057859E-005	-0.0012372	-0.0040917	-0.0063495	2.507586E-005	-6.598282E-005	0.0002316	-0.0002	-4.643762E-005	-8.347166E-005	6.173924E-005	-0.0001718	5.700625E-006	-1.103059E-005	-2.259016E-005	-4.730747E-005	-2.672943E-005	2.023112E-005	-0.0004702	-0.0003014	6.45034E-005	-8.026186E-005	0.000233	-0.0002418
	6	14	376816.4	4.456139	0.0081232	1	4.456147	0.1044462	-3.147901E-005	-0.0002036	11	0.0138487	0.0622127	1467.251	0.010397	0.011316	0.5620587	1.120358	2.943693	4.800116	-0.001835	-0.0023455	-0.0101286	-0.0098368	-0.0113722	0.0053914	-0.0500986	0.0355845	6.405264E-005	-0.0001091	0.0002255	-0.0004711	-0.0003074	-0.0015636	-0.0049279	-0.0076878	-1.732446E-005	4.273374E-005	0.0001404	0.0001985	2.095476E-005	-5.83157E-005	0.0001478	-0.000724	6.902963E-005	9.17865E-006	0.000108	-2.330169E-005	-1.676707E-005	2.650358E-005	-0.0004144	-0.0003386	2.174638E-005	-4.54886E-005	0.0001904	-2.130866E-006
	7	16	299355.5	4.45317	-0.0765243	1	4.453827	-0.984488	-3.038536E-005	-0.0002185	11	0.0136481	0.0610982	1467.427	0.0111371	0.0117725	-1.091155	0.5790542	-4.644096	3.002172	0.0013288	0.0020399	0.0073643	0.0082855	0.0044311	0.0126002	0.0289962	0.0560595	6.617233E-005	-0.0001339	0.0002674	-0.0007194	0.0021801	-0.000371	0.0104033	-0.0047668	6.48126E-005	-5.403302E-006	9.163469E-005	-0.0002436	8.588005E-005	-3.583171E-005	-5.763025E-005	-0.0003061	6.500632E-006	-7.402525E-005	0.0002188	7.741898E-005	-8.154336E-005	3.638677E-005	0.0002386	8.302182E-005	1.063943E-005	-3.417117E-005	-0.0002242	-0.0001414
	8	17	237832	4.453799	-0.1660177	1	4.456892	-2.134741	-3.659668E-005	-0.0001973	11	0.0132301	0.0591563	1466.98	0.0105029	0.0108644	0.5950679	-1.039123	2.22369	-4.870607	0.00184	5.060574E-005	0.0078259	-0.0010587	-0.0114891	0.0040328	-0.0506446	0.0244834	-0.0002093	6.647874E-005	-0.0007049	0.0003661	0.0023312	0.0010032	0.0122265	0.0024135	-8.73604E-006	-2.536923E-005	-0.0002187	-0.0002537	-0.0001057	-9.39679E-005	-0.0008533	-3.716723E-005	3.626291E-005	4.488323E-005	-0.0001172	-0.0001168	1.306646E-005	-4.529954E-005	0.0001229	-0.0005273	-7.112791E-005	-3.826899E-005	-2.315641E-005	-0.0001139
	9	19	188847.7	4.457916	-0.2657408	1	4.46583	-3.411422	-3.06442E-005	-0.0002368	11	0.012754	0.057074	1467.431	0.0112011	0.0113178	-1.047374	0.4853475	-4.439425	2.641294	0.0006225	0.0011162	0.0037947	0.0045612	-0.0009337	0.0125535	0.0012939	0.0568203	-5.141422E-005	-0.0001322	-0.000227	-0.0006876	0.0024807	0.0009304	0.0120653	0.0024473	-3.651045E-005	-7.772035E-005	-0.0001833	-0.0001155	0.0001273	-0.0001274	0.0001621	-0.0006433	-5.077298E-005	-5.345252E-005	-0.000144	8.568983E-005	-4.171092E-005	-1.817935E-005	-0.0002556	-1.475262E-005	-5.940605E-005	-2.043146E-005	2.413057E-006	-0.0001516
	10	20	150058.6	4.468226	-0.3813386	1	4.484469	-4.878061	-3.685231E-005	-0.0002115	11	0.0122133	0.0548409	1466.708	0.0095378	0.0095092	0.3528951	-1.047577	1.012731	-4.859221	0.0011234	-0.0004559	0.0042372	-0.0036655	-0.008517	0.0057198	-0.0356591	0.0288244	-2.83299E-005	1.616956E-005	8.817576E-005	0.0002449	0.0018845	-0.0009214	0.0080673	-0.0053318	1.379428E-005	-4.432305E-005	-0.000142	-0.0002299	-0.000162	6.43729E-005	-0.0004949	0.0003068	1.518521E-005	-2.2377E-005	0.0001451	0.0001469	1.746882E-005	1.89885E-005	-8.927473E-005	2.946146E-005	-2.214126E-005	-1.228415E-006	-0.0001363	-5.128329E-006
	11	21	119238.3	4.48535	-0.5152823	1	4.514851	-6.553477	-3.699596E-005	-0.0002139	11	0.0118045	0.0533391	1467.431	0.0083504	0.0082643	1.036103	0.2607937	4.801137	0.5057494	-0.0010248	0.0003786	-0.0033601	0.0031174	0.005335	0.0068683	0.0265152	0.0285206	5.410146E-005	0.0001111	3.251433E-005	0.0002523	0.0010328	0.0012845	0.0051785	0.0051865	-3.192575E-005	-2.310984E-005	-0.000127	-0.0001608	2.665957E-005	0.0001666	0.0001943	0.0005832	4.358497E-005	7.906929E-006	0.0002281	0.0001911	4.615635E-005	2.86987E-006	0.000135	8.53911E-005	3.529247E-005	1.113955E-005	-0.000147	4.225411E-006
	12	23	94746.09	4.511442	-0.6730219	1	4.561367	-8.484873	-3.807834E-005	-0.0002185	11	0.0114274	0.0521515	1466.708	0.0070965	0.0069094	-1.004015	0.2484218	-4.324688	1.891438	-0.0004841	0.0008876	0.0007868	0.0040602	-0.006584	0.0027942	-0.0281952	0.0148184	2.538273E-005	-3.135647E-005	-7.94977E-006	-4.102011E-006	-0.0004263	0.0012172	-0.0011536	0.0054794	2.593268E-006	1.015188E-005	-2.914574E-005	-2.140738E-005	3.85344E-005	0.0001411	0.0004445	0.0005831	-7.415191E-006	6.632996E-005	0.000135	0.0001447	-2.094032E-005	-3.094785E-006	7.098867E-005	-0.0002295	4.729256E-005	-2.680207E-005	5.45606E-005	-0.0001411
	13	24	75292.97	4.547027	-0.8596678	1	4.627578	-10.70606	-3.074605E-005	-0.0002479	11	0.0110725	0.0512553	1467.431	0.0057557	0.0054893	0.8445079	-0.5395731	3.322054	-3.238092	-0.0001114	0.0011059	0.0027154	0.0029847	0.0019537	-0.0052167	0.0062299	-0.0239532	-1.786184E-005	3.39197E-005	-8.063764E-005	-3.882871E-005	-0.0007984	-0.0005756	-0.0035811	-0.0024315	3.971148E-005	1.059845E-005	0.0000993	-0.0002029	-8.518564E-005	0.0001226	-0.0002858	0.0007724	-5.042042E-005	-7.457567E-005	-0.0002425	-6.633998E-005	-3.09269E-005	-4.353655E-005	-0.0001901	-0.0002591	-4.762785E-006	2.662651E-005	2.630241E-005	0.0000965
	14	26	59824.22	4.593691	-1.082568	1	4.719529	-13.2606	-3.734638E-005	-0.0002249	11	0.0107501	0.0507459	1466.708	0.0046492	0.0043182	0.9082193	-0.3490636	3.759275	-2.638835	-0.0008581	0.001047	0.0015002	0.0036468	0.003731	-0.0019295	0.0155573	-0.0107537	-2.298597E-005	3.857818E-005	-4.643203E-005	0.000116	0.000533	-0.0008263	0.0019247	-0.0040013	-3.805013E-005	5.006138E-005	-0.0001006	-3.637747E-005	-5.916274E-005	-7.697289E-005	-0.0005281	-0.0001074	2.336688E-006	-2.752245E-005	0.0001266	-0.0001649	1.500105E-005	-3.339444E-005	0.0001197	-0.0002233	-5.224197E-005	-9.082259E-006	-9.43849E-006	-7.828326E-005
	15	27	47519.53	4.654574	-1.351515	1	4.846819	-16.19133	-3.089188E-005	-0.000251	11	0.0103828	0.05033	1467.431	0.0037491	0.0031902	0.8451309	-0.4109376	3.345424	-3.091825	-0.0011697	0.0013807	0.0019713	0.0036221	0.0022929	-0.0016376	0.0092283	-0.0090294	-8.391217E-006	8.294731E-005	-3.237278E-006	0.0004291	0.0003673	-0.0010077	0.0014513	-0.0049811	6.222352E-005	8.479913E-005	4.777312E-005	0.0002367	5.248003E-006	6.370898E-005	-0.000157	-0.0001841	-7.785718E-005	-4.504063E-005	-0.0001542	-0.0001835	-0.0001359	2.139714E-007	-0.0004332	0.0001127	-1.1859E-005	-1.370534E-005	-3.550575E-005	-0.0001478
	16	29	37792.97	4.732791	-1.674212	1	5.020189	-19.48109	-3.11055E-005	-0.0002506	11	0.0099597	0.0500035	1466.708	0.0034956	0.002272	0.4100077	-0.8028068	0.557726	-4.491305	0.0010624	0.0021614	0.0045821	-0.000807	-0.0014336	-0.0009464	-0.0072394	-0.0030003	6.396591E-005	-6.404357E-005	0.0001559	-0.0001021	-0.0003965	0.0009893	-0.0012585	0.0045368	2.194085E-005	-1.259567E-005	-0.0002579	0.0001684	6.715342E-005	3.883708E-005	0.0002439	0.0001826	-2.051518E-005	-7.735566E-005	-0.0003224	-0.0002447	-6.637281E-005	4.954636E-006	-0.0002524	0.0002188	-6.201888E-005	-0.0001145	-0.0001027	-3.073365E-008
	17	30	29941.41	4.836149	-2.073171	1	5.261785	-23.20395	-3.802063E-005	-0.0002228	11	0.0094761	0.0498636	1467.341	0.0040302	0.0018152	-0.0542651	0.855957	1.541223	4.241819	0.002845	0.0014196	0.0029535	-0.0043344	0.0007248	-0.00039	0.0026283	-0.0031169	-7.085969E-006	-3.36177E-005	-9.434112E-005	-0.0003256	-0.001045	0.0001717	-0.0045128	0.0013237	8.18182E-005	1.616395E-005	0.000238	-0.000253	5.808542E-006	-3.699913E-005	-9.401702E-005	0.0000969	0.0000992	1.477741E-005	0.0005851	-0.0000986	-9.047567E-006	0.0001359	-6.733836E-005	0.0004984	1.693727E-006	3.967358E-005	-1.947209E-005	3.534183E-005
	18	32	23847.66	4.969494	-2.546593	1	5.583995	-27.13265	-3.803198E-005	-0.0002215	11	0.0089158	0.0497876	1467.341	0.0053845	0.0015168	-0.303172	-0.7478534	-3.427183	-2.925877	0.0040501	-0.0012292	-0.0011029	-0.0050489	-5.466026E-005	0.0000987	0.0013755	0.000743	-5.403302E-005	-1.434237E-005	-3.685803E-005	0.000171	-0.0008219	-0.0004322	-0.0038878	-0.0012064	-4.895219E-005	-2.358481E-005	-0.0001528	-0.0004396	4.169223E-005	0.0002064	0.0004039	0.0003956	-7.048343E-005	0.0001367	-8.569659E-005	0.0005257	9.097159E-005	-8.478017E-005	0.0002544	-0.00026	1.06676E-005	3.442634E-005	-0.0000983	8.087978E-005
	19	33	18925.78	5.151464	-3.128997	1	6.027288	-31.27447	-3.844257E-005	-0.0002245	11	0.0082444	0.0496922	1467.431	0.0074381	0.001526	0.7011754	0.2552641	4.407053	-0.898061	-0.0012222	-0.0053209	-0.0051636	0.0011826	-7.20909E-005	-0.0004514	0.0012399	-0.0004996	-9.302982E-006	-2.700137E-005	0.0001268	-0.0001566	-0.0005043	0.0007115	-0.0016933	0.0036805	4.672445E-005	-2.750196E-005	2.770871E-005	-0.0003136	-3.576885E-005	-8.799416E-005	-2.563E-005	-0.000574	8.324999E-005	5.171075E-005	0.0004008	-8.124114E-005	2.366141E-005	1.706183E-005	0.0001283	4.892796E-005	1.622387E-005	-8.348842E-005	-0.0002495	-0.0003526
	20	35	15058.59	5.394172	-3.822487	1	6.61124	-35.32264	-3.028098E-005	-0.0002436	11	0.0075192	0.0497118	1467.341	0.009872	0.0014189	-0.6798968	0.0300107	-3.543299	2.773013	-0.0049829	-0.0043345	-0.0028678	0.0038555	0.0008637	0.0003585	0.0013601	0.0017165	-3.550203E-006	-2.829731E-005	-0.0001591	0.0002068	-0.000763	8.153776E-005	-0.0032659	0.0009157	-7.053838E-005	3.557373E-005	-2.052635E-005	0.000212	2.19103E-005	-0.0001698	-0.0002986	-0.0003216	-6.029942E-005	-5.505282E-005	-0.0003471	0.0001063	0.0001108	3.578048E-005	0.0009338	-0.0001151	-2.412778E-005	-2.45492E-005	-1.934916E-005	-0.000212
	21	36	11863.43	5.737126	-4.687808	1	7.408789	-39.25227	3.61921E-006	-0.000146	11	0.0067075	0.0496951	1466.799	0.0130502	0.0014346	-0.1223812	0.5946336	2.096215	3.979557	0.0014377	0.0076028	0.0042512	-0.0015733	-0.0013636	0.0005703	-0.0023864	0.0005996	-2.523675E-005	1.862762E-005	-8.160994E-005	-0.000189	-0.0005902	0.0005447	-0.0018714	0.0032052	6.896583E-005	-4.459406E-006	0.0001017	2.922118E-005	7.367291E-005	0.0001314	0.0003844	0.0005009	9.422563E-005	-0.0001215	0.0003798	-0.0003461	9.151967E-005	-5.502092E-005	0.0006959	2.624095E-005	4.131021E-005	-6.970799E-005	0.0001257	-0.0002027
	22	37	9432.87	6.182296	-5.671568	1	8.389724	-42.53292	-1.074848E-006	0.0001433	11	0.0059272	0.0497296	1467.431	0.0162467	0.0013802	0.4894014	-0.2197391	1.775904	-4.135855	-0.0080016	-0.0026207	-0.0004112	0.0036217	-0.0017091	0.0011909	-0.0025051	0.0019911	2.571405E-005	-7.125829E-005	0.0001251	0.0001695	-0.0006995	-0.0004262	-0.0035764	-0.0010673	5.174405E-005	-3.006239E-005	0.000119	-0.0002215	-4.682412E-005	-0.0001512	-0.0002459	-0.000599	0.0000991	-2.021343E-005	0.0004188	-0.000099	4.592305E-005	-0.0001082	0.0001052	-0.0005766	6.354536E-005	1.533888E-006	0.0002192	0.0001904
	23	39	7558.594	6.731505	-6.781909	1	9.55549	-45.21371	8.289317E-007	6.63964E-005	10	0.0052411	0.0500821	1466.708	0.0198243	0.0015511	-0.4741482	0.0143883	-3.089621	3.316864	-0.0027638	-0.0085326	-0.0037764	0.0021132	0.002111	0.0016683	0.0037562	0.000683	0.0001194	5.105278E-005	-0.0001244	1.283363E-006	-0.0005479	0.0006169	-0.0014226	0.0035941	1.155864E-005	5.450286E-005	0.0001364	0.0002186	-0.000128	-5.879464E-005	-0.0006213	-0.0001273	-0.0001041	3.9323E-005	-0.0004138	0.0003612	3.962638E-005	-0.0001202	-8.350612E-005	-0.0005528	-2.431544E-005	-3.104121E-005	-0.0002574	-0.0001662
	24	40	5960.648	7.533603	-8.137671	1	11.08949	-47.20744	2.442721E-006	0.0001417	10	0.0044853	0.0497405	1467.251	0.0228978	0.0014564	0.033677	-0.4045639	-3.042184	-3.318597	-0.0010274	0.0086241	0.0030312	-0.0005952	0.0030401	-0.0009513	0.0020179	-0.0036604	3.936153E-005	0.0001834	-0.0001844	4.26285E-005	-0.0002777	-0.0008081	-0.0026864	-0.0026585	3.227103E-005	-3.966178E-005	4.464295E-005	-0.0001454	-0.0001299	5.443348E-005	-0.0006242	0.000475	-0.0001173	-3.286988E-005	-0.0006109	1.537707E-005	7.619453E-005	0.0001508	0.0004785	0.0006018	-5.020761E-006	3.523892E-005	7.067993E-005	0.0002233
	25	42	4746.094	8.524169	-9.60482	1	12.84188	-48.41129	1.052515E-006	6.653101E-005	10	0.0038794	0.0498189	1467.222	0.0258077	0.0014673	0.1440566	0.320208	4.304716	1.342128	0.0053066	0.0062958	0.0008674	-0.0020589	-0.0001196	0.0036663	0.0037651	0.0026863	0.0002242	-0.0001156	0.0001852	-3.307779E-005	0.0002873	-0.0008071	-0.0008883	-0.0038399	-4.975045E-005	3.535487E-005	-6.760285E-005	0.0003856	-8.723653E-005	0.000103	-0.0001649	0.0007061	8.630194E-005	-6.010559E-005	0.0002257	-0.0004029	0.0001437	-7.839595E-005	0.0006232	-0.0006524	-5.183766E-005	8.046627E-006	-0.0002721	0.0001967
	26	43	3761.574	9.79541	-11.25742	1	14.92245	-48.97252	2.174009E-006	0.0001401	10	0.0033428	0.0498828	1466.98	0.0285477	0.0014122	-0.2674302	0.1414928	-1.02371	4.397288	-0.0044885	-0.0060758	-0.0005259	0.0013728	0.0040469	0.0006057	0.0022745	-0.0041779	0.0002535	-7.52734E-005	2.002344E-007	5.52577E-006	0.0008058	0.0001276	0.0031468	-0.0020881	1.050602E-005	-4.665508E-005	-0.000151	-0.0002889	0.0001308	1.474342E-005	0.0006806	-0.0001954	6.557861E-005	-0.0001039	3.638025E-005	-0.0005264	0.0001313	7.275946E-005	0.0007639	0.000167	2.317946E-005	-4.705683E-005	1.976267E-006	-0.0003213
	27	44	2993.223	11.3288	-13.0202	1	17.25883	-48.97368	2.172819E-006	0.0001394	10	0.0028922	0.0499161	1467.251	0.0311719	0.0013905	0.0053661	0.2617165	3.47	2.893168	-0.0031414	0.0059983	0.0007687	-0.0004829	-0.0042893	-0.0012649	-0.0018474	0.004236	-0.0001179	0.0002799	-8.089655E-005	0.0001492	0.0003828	0.0006775	0.0039571	0.0006822	1.192011E-005	-3.338135E-005	-0.0001434	-0.0001525	6.231118E-005	-9.07305E-005	-5.651825E-005	-0.000503	-8.207112E-005	5.75973E-005	-0.0002882	0.000512	-0.0001199	-6.138581E-006	-0.0005604	0.0003417	3.276125E-005	3.464171E-005	0.000232	4.291907E-005
	28	46	2372.685	13.20049	-14.92485	1	19.92496	-48.50842	2.06769E-006	0.0001409	10	0.0025053	0.0499179	1466.619	0.0337098	0.001366	0.1240687	0.1897993	4.47079	0.6517881	0.0026092	0.0053066	-0.0001902	-0.0006312	-0.0022289	0.004226	0.0042813	0.0018156	0.0002932	1.781131E-005	0.000199	-4.823321E-005	6.787502E-005	-0.0007084	-0.0031742	-0.002088	-1.202081E-005	2.064597E-005	0.0002159	6.915722E-005	2.646292E-005	0.0001079	0.0005959	0.0004859	-2.509449E-006	-8.489158E-005	-0.0004456	-0.0003894	2.587796E-006	-0.0001373	-0.0002995	-0.0006661	-1.27136E-005	3.661541E-005	3.865268E-005	0.000161
	29	47	1886.433	15.35971	-16.91231	1	22.84616	-47.75435	-3.141196E-006	5.609135E-005	10	0.0021871	0.0499663	1467.251	0.0366202	0.0013139	0.1655541	-0.1085199	0.7059944	-4.46699	-0.0014516	-0.0049349	0.0004862	0.0003969	-0.0036428	-0.0035085	-0.001959	0.0038508	0.0002634	7.150287E-005	6.601959E-005	-1.41291E-005	-0.0006063	-0.0001763	-0.0022554	0.0031372	9.007868E-006	-2.356852E-005	-7.657708E-005	-0.0002057	-9.289769E-005	-1.028471E-005	-0.0004204	0.000351	-4.159986E-006	-8.237759E-005	-0.000332	-0.0004314	-0.0001304	8.396222E-006	-0.0007031	0.0003505	1.831679E-006	-3.425568E-005	-8.756296E-005	-0.0002071
	30	49	1506.696	17.77735	-18.93961	1	25.97581	-46.81306	-3.269255E-006	5.682773E-005	10	0.0019236	0.0499675	1466.708	0.0396929	0.0012658	0.1446929	-0.0968337	0.7370293	-4.462083	-0.0006254	-0.0043469	0.0006249	0.0003819	-0.0028397	-0.0044691	-0.0019634	0.003603	0.0002246	0.0001304	0.0001187	-2.487004E-005	-0.0005035	-0.0002975	-0.0022523	0.0029998	2.113906E-006	-1.237122E-005	-0.0001997	-8.841605E-005	-0.0000957	-1.191969E-005	-0.0005407	0.0004305	-6.274525E-006	-5.291281E-005	-0.0004537	-0.0003696	-0.0001094	-2.446084E-005	-0.0005301	0.0003333	-5.982177E-006	-2.445828E-005	-0.0001482	-0.0001664
	31	50	1185.994	20.65868	-21.20234	1	29.60271	-45.74407	2.243609E-006	0.0001405	10	0.0016882	0.0499743	1467.251	0.0431932	0.001266	0.0947479	0.1198718	4.499034	0.4665368	0.0004965	0.0036685	-0.000872	-0.0001582	-0.0046383	0.0028417	0.0039643	0.0009033	0.0002015	0.000099	0.000113	8.363277E-006	0.0001666	-0.0004093	-0.0037088	-0.0006724	1.769862E-005	3.322691E-005	0.0002368	0.0001185	1.558207E-005	4.640012E-005	0.0006237	8.336455E-005	-3.452658E-005	-4.461921E-005	-0.0005051	-0.0001348	-4.252303E-005	-8.047783E-005	-0.0005944	-0.0002615	1.361955E-005	3.796339E-005	0.00024	0.0001801
	32	52	948.6607	23.64688	-23.42163	1	33.28284	-44.72581	-3.74059E-006	5.48297E-005	10	0.0015019	0.0499884	1466.708	0.0473495	0.0012099	0.0887215	0.1029945	4.510351	0.35671	0.0002374	0.0031419	-0.000839	7.787719E-005	-0.0049938	0.0025102	0.0039238	0.0005181	0.0001869	8.974635E-005	0.000153	-8.467213E-005	0.0002344	-0.0003821	-0.0034936	-0.0001076	1.816795E-005	8.40635E-006	0.0003434	8.809566E-005	4.019076E-005	5.131669E-005	0.0007958	-1.495145E-005	-4.612376E-005	-4.156959E-005	-0.0005144	-2.652407E-006	-6.839838E-005	-6.651088E-005	-0.0005272	-6.002561E-005	2.139469E-005	2.52095E-005	0.0001996	-2.637506E-006
	33	53	752.3148	27.02954	-25.86394	1	37.41041	-43.73759	2.113908E-006	0.0001409	10	0.0013358	0.0499724	1467.251	0.0519983	0.0012178	0.1208946	-0.0013089	3.233437	-3.162638	0.0026011	-0.0002635	2.325047E-005	0.0009332	0.0055087	0.00144	-0.0029737	-0.0023638	-0.0001755	-4.941372E-005	-6.406942E-005	2.164859E-006	0.0002351	0.000403	0.0017239	-0.0032099	-2.219179E-005	1.108315E-005	0.0001367	0.0002288	3.785914E-005	8.636375E-005	0.0007593	0.0002834	-4.54301E-005	-3.037159E-006	-0.0004368	0.0005536	-5.398471E-005	4.290487E-005	1.515634E-005	0.0006799	-4.383736E-006	-6.155243E-006	-0.0002601	-8.015196E-006
	34	55	599.564	30.6245	-28.43918	1	41.79291	-42.88105	-3.656719E-006	5.231757E-005	10	0.0011961	0.0499905	1466.619	0.0570066	0.0012023	0.0211219	-0.1061826	-2.373324	-3.852218	-0.0019485	-0.0009817	0.0003541	-0.0009212	-0.0049688	0.0028999	0.0036594	-0.0009624	-8.548078E-005	-0.0001523	-0.0002444	-0.0001101	0.0003194	0.0002929	-0.0002965	-0.0035878	-7.690281E-006	-3.407306E-006	8.782372E-005	-0.0001808	-8.680073E-006	-8.278894E-005	-0.0006111	-0.0002817	1.674068E-005	-2.763065E-005	-0.0003	-0.0004612	-5.843613E-005	2.366654E-005	-0.0000989	0.0006727	3.321795E-006	-1.816062E-005	-6.381796E-005	8.17664E-005
	35	56	474.0168	34.64043	-31.35186	1	46.7215	-42.14716	7.386279E-008	0.0000958	10	0.0010696	0.0499762	1467.251	0.0628915	0.0011824	0.0652985	0.0714722	4.502495	0.4336009	-0.0005457	0.0017398	-0.0010795	1.440197E-005	-0.0057916	0.0002027	0.0034782	-0.0001981	0.0001297	8.467794E-005	0.0001584	-6.53416E-006	0.0003399	-0.000133	-0.003591	0.0009708	5.703187E-007	3.32098E-006	0.0001953	-7.981808E-005	1.58085E-005	1.398748E-005	0.0006402	-0.0001714	-3.639773E-005	-1.332589E-005	-0.0005711	0.0002412	-4.699047E-005	-8.800417E-006	-0.0006205	0.0003604	1.923446E-005	5.393755E-006	0.0002133	-0.0000976
	36	58	377.1552	38.89023	-34.49883	1	51.98672	-41.57566	-8.715779E-008	0.0000971	10	0.0009615	0.0499885	1466.528	0.0688377	0.0011728	0.0730899	0.0472415	4.472995	-0.6803651	0.0001045	0.0015233	-0.0008416	0.0005298	-0.0045147	0.0036076	0.0020968	-0.0028943	0.000128	-6.20836E-005	1.308601E-005	-0.0001072	6.965961E-005	-0.0003642	0.0003229	0.0035945	-2.272427E-006	2.294546E-006	-0.0001988	-0.000252	-1.304317E-006	-5.093986E-006	-0.0004973	-0.0003796	9.0705E-006	3.577379E-005	0.0005111	0.0002885	3.119779E-005	3.164318E-005	0.0006755	7.178378E-005	-1.422246E-005	-8.256699E-006	-0.0002311	5.273893E-005
	37	59	298.2954	43.61897	-38.10221	1	57.91711	-41.13799	-2.834063E-007	3.499863E-005	10	0.0008631	0.0499891	1467.161	0.0752099	0.0011839	-0.0738693	0.0254136	-2.256561	3.921602	0.001263	-0.0002072	0.0007672	0.0006368	-0.0056673	0.0007613	0.0028485	-0.0021167	-8.628133E-005	0.0001145	4.148949E-005	0.0001721	-0.0003258	-0.0002307	0.0036556	-0.0004497	-7.264928E-006	1.494773E-006	-5.664491E-005	-0.0001973	1.609203E-005	-5.61803E-006	0.0007106	0.0002669	2.836605E-005	-9.400335E-006	0.0003653	-0.0004344	-1.327717E-006	3.807463E-005	0.0004169	0.0005163	1.71453E-005	6.926683E-006	0.000323	-0.0001424
	38	61	236.7424	48.70108	-42.08371	1	64.36485	-40.83104	2.987463E-008	0.0000992	10	0.0007759	0.04994	1466.438	0.0815719	0.0011553	0.0397486	0.0578925	4.371549	1.149087	-0.0009126	0.0005664	-0.0009837	-7.614867E-005	-0.004201	-0.0037151	0.0034446	-0.0001075	5.980328E-005	0.0001242	0.0001714	-0.0001118	0.0002126	0.0003782	-0.0035419	0.0006805	2.367306E-007	-3.770169E-006	0.0003071	-9.626151E-006	1.52682E-005	-2.731237E-005	0.0006035	-0.0002201	-2.206277E-005	-9.844197E-006	-0.0004741	0.0002355	-3.345146E-005	-9.206241E-006	-0.0006829	0.00027	1.049828E-005	1.742999E-006	0.0002	-6.530435E-005
	39	62	189.0121	54.0959	-46.46383	1	71.31097	-40.65981	-5.050024E-007	3.202591E-005	10	0.0006998	0.0499021	1467.161	0.0879854	0.0011788	0.0319143	0.0547082	4.267768	1.478527	-0.0008859	0.0002406	-0.0010283	-1.82204E-005	-0.0028256	-0.0046871	0.0035614	-0.0001162	2.687619E-005	0.0001314	0.000124	7.931143E-006	4.362679E-006	0.0004865	-0.0035471	0.0007888	3.04019E-006	-1.589896E-005	0.0002714	-6.888063E-005	4.679825E-005	-2.782169E-005	0.0006143	-0.0001076	-2.052267E-005	-7.490687E-006	-0.0005535	0.0002575	-3.079057E-005	-8.123026E-006	-0.0005735	0.0003538	1.004172E-005	1.988199E-006	0.0002103	-0.0001882
	40	64	149.6011	60.21487	-51.56922	1	79.27934	-40.57741	-2.295615E-007	3.445914E-005	10	0.0006278	0.0497697	1466.528	0.0948419	0.0011875	-0.0319543	0.0469828	0.4971434	4.477122	0.0004181	-0.0006709	0.0005741	-0.000792	0.0012395	0.005151	-0.0034704	0.000357	0.0001245	-4.942399E-005	-0.0001016	-8.93511E-006	0.0003145	0.0004717	-0.0007139	0.0036892	1.235456E-005	-1.489704E-005	0.0002331	-5.060901E-005	5.814047E-005	3.910728E-005	0.0005649	0.0003048	1.308999E-005	-1.756294E-005	-7.878198E-005	-0.0005234	2.523488E-005	-4.739793E-006	0.0005572	-0.0004524	-4.002305E-006	-1.555972E-005	-0.0002846	-0.0001101
	41	65	119.1737	66.72704	-57.11462	1	87.83267	-40.56168	-6.545504E-007	3.127317E-005	10	0.0005633	0.0494748	1467.161	0.1006184	0.001204	-0.0065741	-0.0505569	-3.325361	-2.998995	-0.0004622	-0.0005035	-0.0007947	-0.0005301	-0.0035856	0.0035525	-0.0032094	-0.0017362	-0.0001286	2.11865E-005	6.604567E-005	0.0001325	0.0004991	0.0003105	0.0030181	0.0020624	1.393344E-005	1.143031E-005	0.0001334	3.911182E-005	4.731308E-006	-8.729094E-005	-0.0005079	-0.0005166	1.747539E-006	-1.527573E-005	-0.0003943	-0.0004572	-1.038303E-005	2.064517E-005	0.0004112	0.0005401	-4.31281E-006	9.822455E-006	0.0001454	0.0002518
	42	67	94.69697	94.28828	-60.08151	1	111.8037	-32.50573	-3.946115E-006	8.757617E-005	9	0.0004504	0.0503582	1466.528	0.1215566	6.776505E-005	0.010949	-0.0171932	-8.993737E-005	-2.278953	0.0002709	2.599872E-005	-3.884734E-005	-1.097494E-005	0.0005718	-0.0023771	3.713323E-005	-1.784903E-005	6.303271E-005	5.21812E-006	-7.440989E-005	-2.85334E-006	-3.690221E-006	-0.0002874	3.79933E-006	-8.006721E-005	7.088078E-006	1.395601E-006	-4.570094E-005	-5.601906E-006	-9.65249E-006	-2.571517E-005	1.427904E-005	-1.731189E-005	-8.063072E-007	-1.326378E-006	-3.953465E-006	-2.369378E-005	-3.296621E-006	1.8625E-007	-7.957687E-006	-3.671833E-005	-1.852866E-006	4.118585E-006	-5.416364E-005	3.172737E-005
	43	68	75	104.4648	-67.49797	1	124.3739	-32.86777	-3.681726E-006	8.624658E-005	9	0.000402	0.0499988	1467.161	0.1255766	7.485841E-005	0.0098717	-0.0152814	0.0002072	-2.262688	0.0002558	4.316705E-005	3.965944E-005	2.928532E-005	0.000596	-0.0021722	1.774589E-005	-7.622457E-005	6.315173E-005	5.611902E-006	-4.220243E-005	5.316921E-006	1.08606E-005	-0.0002704	-2.770545E-005	-8.231239E-005	7.90137E-006	-7.191849E-007	-4.676311E-005	-2.332963E-005	-6.219955E-006	-2.746011E-005	-3.236068E-005	-3.332133E-005	1.17594E-006	-3.769238E-007	-2.125139E-005	-3.720774E-005	-3.746057E-006	5.665061E-007	-4.634309E-005	-3.904943E-005	-1.25714E-006	3.615321E-006	-5.719719E-006	1.876894E-005
	44	70	54.50581	113.4089	-80.18702	1	138.894	-35.26265	-3.049251E-006	2.630792E-005	9	0.00036	0.0499986	1466.619	0.1335711	4.200816E-005	0.0188058	-0.0266062	-0.0001105	-4.525358	0.0004764	0.0001118	3.116205E-006	-1.189581E-005	0.0014305	-0.0040422	0.0001375	3.684749E-005	0.0001216	1.860979E-005	-9.388431E-006	1.291168E-005	6.366266E-005	-0.0005399	2.144161E-005	-4.166564E-006	1.796937E-005	1.352142E-006	-4.506252E-005	-3.844268E-006	-8.251926E-006	-5.22055E-005	-2.841116E-005	2.911279E-005	7.428753E-007	6.966366E-007	-4.426624E-005	5.393696E-005	-3.861468E-006	-3.626091E-006	-3.255206E-006	-2.795388E-005	8.620264E-007	6.468254E-006	-6.299374E-005	4.068878E-005
	45	71	45.95588	103.4306	-90.62785	1	137.5184	-41.22544	-2.902694E-006	2.19365E-005	9	0.0003635	0.0499953	1467.161	0.1272465	4.65113E-005	0.0204002	-0.0258173	-0.2279539	-4.519317	0.0004444	-7.986693E-005	5.759764E-006	2.182985E-005	0.0008005	-0.0040471	-7.256075E-005	-4.470233E-005	0.0001242	5.068967E-006	8.726493E-006	-1.267775E-005	-6.99614E-005	-0.0005324	-2.715923E-005	-0.0001059	1.711265E-005	-4.989154E-006	-3.055902E-005	4.195003E-005	-3.049208E-005	-4.73311E-005	0.0000997	6.50594E-005	8.342904E-007	1.02249E-006	-9.64664E-006	-4.986558E-005	-5.298121E-006	3.608002E-007	-2.404675E-005	-7.990516E-006	-3.267779E-007	2.483997E-006	6.379141E-005	-1.364341E-005
	46	73	37.5	113.7903	-100.1377	1	151.5777	-41.3484	-2.622323E-006	2.546024E-005	9	0.0003299	0.0500007	1466.708	0.132311	6.385051E-005	0.0188845	-0.0231246	-0.165296	-4.522529	0.0004212	-2.344343E-005	7.870141E-006	-1.384405E-005	0.0010514	-0.0037459	-0.0001263	-0.0001606	0.0001207	1.50597E-005	-3.060186E-005	-9.445509E-005	-6.31268E-006	-0.0005208	-2.16607E-005	4.903413E-006	1.840931E-005	-2.582761E-006	6.468128E-005	4.651048E-005	-2.126789E-005	-5.317445E-005	-3.581868E-006	-2.007699E-006	1.415669E-006	1.146735E-006	-2.333242E-005	-8.012379E-005	-5.023933E-006	-1.178996E-006	0.0001032	6.224797E-005	-6.976771E-007	1.968321E-006	-3.936841E-005	4.163431E-005
	47	74	30.04808	126.586	-111.724	1	168.8379	-41.43142	-2.808324E-006	2.315951E-005	9	0.0002961	0.05	1467.21	0.1376343	4.01273E-005	0.0172362	-0.0205266	-0.1102768	-4.524141	0.000394	2.935236E-005	-2.306234E-005	1.257547E-005	0.0012356	-0.0034145	-2.528774E-005	-0.0001311	0.0001151	2.561421E-005	-5.434222E-005	2.172391E-005	5.057626E-005	-0.0004974	3.424427E-005	-3.42473E-005	1.8939E-005	7.317576E-007	4.514074E-005	5.086535E-006	-1.286529E-005	-5.484606E-005	-2.654735E-006	3.652344E-005	1.888286E-006	1.968903E-006	1.763227E-005	-1.251931E-006	-4.337752E-006	-2.208457E-006	-4.874916E-005	2.423581E-005	-3.641181E-007	2.716129E-006	2.633082E-005	-3.612205E-005
	48	76	23.91582	139.5435	-125.4189	1	187.6227	-41.94858	-2.535087E-006	2.377462E-005	9	0.0002665	0.0499997	1467.07	0.1417809	3.276227E-005	0.0158588	-0.0181733	-0.0653414	-4.524989	0.000363	5.680194E-005	-3.382565E-006	-4.011091E-006	0.0013387	-0.0030862	-2.210494E-006	-8.029014E-005	0.0001078	3.284306E-005	4.68595E-006	-5.925401E-005	9.373784E-005	-0.0004669	-4.800829E-005	-5.741523E-005	1.925454E-005	2.910587E-006	9.92557E-006	-2.647645E-005	-4.814153E-006	-5.541172E-005	-6.127824E-005	2.972828E-005	1.888635E-006	1.942833E-006	-1.959037E-006	1.119578E-005	-3.336435E-006	-3.200571E-006	-1.085457E-005	1.395622E-005	-2.753223E-007	2.500892E-006	-2.207095E-005	-1.362991E-006
	49	78	18.8253	155.8021	-141.4158	1	210.4108	-42.22886	-2.233169E-006	2.420905E-005	9	0.0002376	0.0499996	1466.708	0.1464755	4.095365E-005	0.0143541	-0.0160168	-0.0278902	-4.525363	0.0003301	8.147917E-005	-2.26316E-005	4.02467E-005	0.0013932	-0.002766	-1.759711E-005	-0.0001318	0.0000998	3.792828E-005	-2.525118E-005	1.096726E-005	0.000127	-0.0004318	-2.525444E-005	9.962241E-007	1.901213E-005	4.721245E-006	3.796909E-005	4.363828E-006	2.679997E-006	-5.465089E-005	-4.952006E-005	-1.401373E-005	2.386238E-006	2.248642E-006	1.912098E-005	-7.782505E-005	-2.539979E-006	-3.679547E-006	-5.564421E-006	3.921904E-005	-3.102468E-008	2.274348E-006	1.502666E-005	-2.828846E-005
	50	79	15.02404	173.2736	-158.3466	1	234.7284	-42.42273	-2.039822E-006	2.275356E-005	9	0.000213	0.0500004	1466.708	0.150759	3.359924E-005	0.0130052	-0.0142329	0.0003089	-4.52552	0.0003007	0.0000977	-7.707161E-006	-2.242887E-005	0.001403	-0.0024872	7.198658E-006	-8.899021E-005	9.218341E-005	4.136755E-005	-7.335726E-005	1.234643E-005	0.0001492	-0.0003974	3.2841E-005	-3.009883E-005	1.828023E-005	6.141818E-006	6.316323E-005	1.651619E-005	8.346979E-006	-5.246733E-005	-3.790251E-006	2.137502E-006	2.409841E-006	2.282999E-006	7.584924E-006	2.323487E-005	-1.11734E-006	-4.200644E-006	5.452195E-006	-3.986306E-005	-3.461902E-008	2.061781E-006	4.811911E-006	2.341054E-005
	51	81	11.95791	192.7954	-177.6194	1	262.1425	-42.65389	-1.832052E-006	2.254417E-005	9	0.0001907	0.0499995	1466.708	0.1546499	3.022936E-005	0.0117597	-0.0126384	0.0228693	-4.525384	0.0002721	0.0001074	5.868566E-005	-3.988477E-006	0.00138	-0.0022287	-2.433011E-005	-4.157693E-005	8.470746E-005	4.326968E-005	-1.132302E-005	-5.295676E-006	0.0001631	-0.0003629	5.783769E-005	-5.120046E-005	1.73794E-005	7.136117E-006	-1.144596E-006	-3.093603E-005	1.250602E-005	-4.963814E-005	1.77573E-005	5.731266E-005	2.550121E-006	2.368237E-006	2.283906E-005	7.057097E-006	-2.960005E-007	-4.648377E-006	1.543248E-005	-3.257325E-005	1.007138E-007	1.973524E-006	8.195639E-006	1.774635E-005
	52	83	9.52744	214.5146	-199.1642	1	292.7164	-42.87489	-1.644697E-006	2.248274E-005	9	0.0001708	0.0499999	1466.708	0.1582187	2.855613E-005	0.0106198	-0.0112357	0.0407323	-4.525292	0.0002458	0.0001124	2.270355E-005	1.39449E-005	0.0013347	-0.0019951	-1.357356E-005	-6.360006E-005	7.70951E-005	4.387093E-005	-4.519896E-005	7.310242E-006	0.0001706	-0.0003297	2.76207E-006	-5.655993E-005	1.632443E-005	7.805858E-006	3.457838E-005	3.011839E-006	1.591453E-005	-4.643789E-005	-2.928847E-005	6.100629E-006	2.426634E-006	2.289788E-006	-1.042453E-005	-4.025131E-005	2.562592E-007	-4.481634E-006	-1.971982E-005	1.871272E-005	9.879295E-008	1.704517E-006	3.136811E-005	3.011059E-005
	53	86	7.524077	240.0115	-224.2937	1	328.5014	-43.06115	-1.422064E-006	2.207331E-005	9	0.0001522	0.0500001	1466.708	0.1617133	3.384325E-005	0.0095282	-0.0099496	0.0555382	-4.525151	0.0002205	0.000114	2.906169E-005	-1.30797E-005	0.0012726	-0.001776	-2.644491E-006	-0.0001232	6.977684E-005	4.354115E-005	-3.892627E-005	3.834139E-006	0.0001732	-0.0002972	8.296221E-006	-4.827546E-005	1.509233E-005	8.399878E-006	2.239854E-005	-1.884822E-005	1.836357E-005	-4.305275E-005	1.636753E-005	1.269451E-005	2.441622E-006	2.480592E-006	6.064307E-006	-3.477594E-005	1.010601E-006	-4.521718E-006	-9.912067E-006	-2.61952E-005	1.033041E-007	1.526714E-006	2.086395E-006	3.211433E-006
	54	88	5.98659	267.6853	-251.6531	1	367.4026	-43.23182	-1.255236E-006	2.389795E-005	9	0.0001361	0.0500007	1466.708	0.1647927	2.620531E-005	0.0085683	-0.0088493	0.0668821	-4.525051	0.0001981	0.0001128	1.206528E-005	-1.488516E-006	0.0012023	-0.0015854	7.676892E-006	-9.486377E-005	6.304123E-005	4.261497E-005	-1.532096E-005	9.81972E-006	0.0001717	-0.0002677	-2.187747E-005	-2.359017E-005	1.382017E-005	8.598261E-006	2.721208E-005	3.410329E-006	1.982511E-005	-3.944455E-005	-1.303922E-005	3.671565E-005	2.258399E-006	2.382069E-006	1.015142E-007	-1.908676E-005	1.287903E-006	-4.263894E-006	-2.199318E-006	1.644797E-005	1.185254E-007	1.438202E-006	-1.352281E-006	2.409413E-005
	55	91	4.76372	298.6776	-282.3025	1	410.9781	-43.38552	-1.142456E-006	2.177777E-005	9	0.0001217	0.0500002	1466.619	0.1676067	2.141548E-005	0.0076967	-0.007875	0.0758963	-4.524863	0.0001777	0.0001095	-3.284077E-006	-3.016938E-005	0.0011264	-0.0014146	-5.096431E-006	-7.581342E-005	5.684321E-005	4.100592E-005	-1.391117E-005	-3.760216E-006	0.0001673	-0.0002405	1.697335E-005	-1.665315E-005	1.275604E-005	8.646264E-006	1.264829E-005	1.995766E-005	2.074751E-005	-3.601147E-005	-3.756491E-006	1.431018E-005	2.130437E-006	2.268578E-006	-1.025386E-005	6.984919E-009	1.825581E-006	-4.19494E-006	1.663878E-005	2.438744E-005	1.696972E-007	1.191635E-006	1.307484E-005	-2.85334E-007
	56	94	3.76506	334.5596	-317.7264	1	461.3895	-43.52173	-9.695987E-007	2.34116E-005	9	0.0001084	0.0499994	1466.619	0.1702636	2.280564E-005	0.0068838	-0.0069868	0.0832798	-4.524661	0.0001587	0.0001049	8.243136E-006	-8.944816E-006	0.0010459	-0.0012573	3.748573E-008	-6.149896E-005	5.087716E-005	3.90818E-005	-4.23838E-005	1.519403E-005	0.0001606	-0.000215	3.036344E-006	-5.065191E-005	1.157643E-005	8.561656E-006	3.620354E-005	-8.154545E-006	2.097948E-005	-3.262672E-005	-2.108049E-006	1.599442E-005	2.02706E-006	2.23067E-006	-1.03598E-005	3.021793E-006	2.078639E-006	-3.83605E-006	4.953356E-006	6.327347E-006	1.380904E-007	1.163251E-006	1.556007E-005	7.652096E-006
	57	97	3.008665	372.9396	-355.5658	1	515.2776	-43.63384	-8.865769E-007	2.417499E-005	9	0.000097	0.0500004	1466.619	0.172569	3.051416E-005	0.0061839	-0.0062366	0.0888278	-4.524648	0.0001425	0.0000995	5.176291E-006	3.226043E-006	0.000969	-0.0011236	-7.634983E-006	-0.0001086	4.587829E-005	3.690742E-005	-1.604739E-005	-1.298729E-005	0.0001529	-0.0001928	1.457776E-005	-2.257084E-005	1.053356E-005	8.263072E-006	3.358582E-005	-1.210207E-005	2.077416E-005	-2.949189E-005	-2.978451E-005	5.660136E-005	1.87297E-006	2.127581E-006	-9.202981E-006	1.713831E-005	2.264118E-006	-3.468832E-006	-3.082678E-007	1.522742E-005	2.026936E-007	1.026216E-006	-5.128096E-007	7.735391E-006
	58	101	2.38186	417.774	-399.706	1	578.1868	-43.73385	-7.791206E-007	2.366712E-005	9	8.647703E-005	0.0499999	1466.619	0.1747316	2.313262E-005	0.0055264	-0.0055426	0.0934645	-4.524508	0.0001272	9.344319E-005	3.746478E-006	-1.751424E-005	0.0008904	-0.0009991	2.211891E-008	-8.130537E-005	4.102378E-005	3.461231E-005	-2.658402E-005	-3.021647E-006	0.0001438	-0.0001719	9.049894E-006	-3.648341E-006	9.448537E-006	7.940253E-006	2.81937E-005	2.467888E-006	2.025242E-005	-2.65553E-005	-1.749606E-005	2.837367E-005	1.720888E-006	2.04867E-006	5.719019E-006	-1.509988E-005	2.283123E-006	-3.297596E-006	4.497124E-007	1.488783E-005	1.833105E-007	9.475516E-007	2.843712E-005	3.658468E-006
	59	106	1.890121	467.6229	-448.6949	1	648.0728	-43.81663	-6.884425E-007	2.445527E-005	9	7.71517E-005	0.0499999	1466.619	0.1766713	2.077671E-005	0.0049416	-0.0049338	0.097073	-4.524436	0.0001136	8.698004E-005	-5.236711E-006	-1.394365E-006	0.0008156	-0.0008895	8.551171E-006	-4.636794E-005	3.668006E-005	3.216814E-005	-4.585007E-005	5.448033E-006	0.0001344	-0.0001534	2.281065E-005	-1.97748E-005	8.579482E-006	7.550692E-006	2.85639E-005	-1.285324E-005	1.939792E-005	-2.376675E-005	-2.860371E-005	3.948325E-005	1.561457E-006	1.917015E-006	3.668247E-007	-2.025219E-006	2.446359E-006	-3.076177E-006	-8.97213E-006	-7.276774E-006	1.663357E-007	8.13252E-007	6.354181E-006	-2.931163E-006
	60	112	1.502404	523.161	-503.1556	1	725.8533	-43.88331	-6.125259E-007	2.353587E-005	9	6.888511E-005	0.0500005	1466.619	0.1784064	2.28636E-005	0.00442	-0.0043972	0.0999532	-4.524424	0.0001016	8.065923E-005	-4.891191E-006	-6.218384E-006	0.000745	-0.0007926	-5.460695E-006	-7.706401E-005	3.285118E-005	2.977103E-005	-1.408067E-005	-2.208515E-006	0.0001249	-0.0001368	2.689543E-006	-2.264377E-005	7.708215E-006	7.072014E-006	2.590392E-005	1.852668E-005	1.85081E-005	-2.130762E-005	-8.787612E-006	4.141178E-005	1.433014E-006	1.819504E-006	6.301096E-006	-4.923205E-006	2.367262E-006	-2.762285E-006	3.359281E-006	-4.566799E-006	1.568842E-007	7.6375E-007	3.123621E-005	8.569215E-006
	61	118	1.195791	585.1187	-563.7625	1	812.522	-43.93507	-5.361575E-007	2.385532E-005	9	6.153676E-005	0.05	1466.619	0.1799685	2.764444E-005	0.003954	-0.0039226	0.1021919	-4.524328	9.095471E-005	7.455821E-005	1.066283E-005	8.505885E-007	0.0006788	-0.0007068	-1.872773E-006	-0.000102	2.937541E-005	2.745294E-005	-2.46967E-005	8.183415E-007	0.0001154	-0.0001221	7.942086E-006	-2.976184E-005	6.902887E-006	6.626587E-006	2.828788E-005	-1.040503E-005	1.745709E-005	-1.911233E-005	-9.047451E-006	4.401349E-005	1.310014E-006	1.644892E-006	1.111766E-006	2.427609E-006	2.301938E-006	-2.495328E-006	-5.526818E-006	1.020287E-005	1.876397E-007	6.770642E-007	2.195744E-005	-3.255323E-006
	62	126	0.9486946	655.2629	-632.9415	1	911.0348	-44.00731	-4.782926E-007	2.497465E-005	8	5.48787E-005	0.0499964	1466.619	0.1812296	2.00129E-005	0.0035318	-0.0034925	0.1037401	-4.52397	8.127409E-005	7.021219E-005	-1.097727E-005	7.903727E-006	0.0006156	-0.0006284	-3.781054E-005	-4.657318E-005	2.620111E-005	2.607148E-005	-9.352459E-006	-6.165473E-006	0.0001059	-0.0001082	8.785282E-006	-8.268981E-006	6.09511E-006	6.706034E-006	3.966165E-005	9.022187E-006	1.617988E-005	-1.66084E-005	2.712477E-008	4.314433E-005	1.09736E-006	1.929997E-006	9.14745E-006	-5.414245E-006	2.090037E-006	-1.885537E-006	-1.199171E-005	1.032057E-005	4.412141E-008	8.846564E-007	5.770475E-006	1.53688E-005
	63	133	0.7515633	734.7538	-710.4811	1	1022.08	-44.03781	-4.123345E-007	2.354067E-005	8	4.892013E-005	0.0500003	1466.619	0.1825333	1.954841E-005	0.003151	-0.0031106	0.1052271	-4.524284	7.253168E-005	6.405629E-005	-1.223176E-006	-1.541453E-005	0.0005574	-0.0005593	-4.84814E-005	-2.973166E-005	2.337157E-005	2.373784E-005	-1.910515E-005	2.457266E-006	0.000097	-0.0000963	1.161662E-005	-1.949477E-005	5.450103E-006	6.121198E-006	1.07243E-005	1.316599E-006	1.512565E-005	-1.485505E-005	-5.961397E-006	4.910183E-005	9.940122E-007	1.72866E-006	-1.124875E-005	1.86963E-007	2.063855E-006	-1.750947E-006	1.053954E-005	-3.858529E-006	7.424387E-008	7.839608E-007	2.550322E-005	7.302151E-007
	64	141	0.5978954	822.2877	-795.6503	1	1144.21	-44.05678	-3.542798E-007	2.433875E-005	8	4.369889E-005	0.0500007	1466.619	0.1836723	2.287269E-005	0.0028164	-0.002777	0.106392	-4.524297	6.489654E-005	5.834609E-005	2.202578E-007	-1.262581E-005	0.0005045	-0.000499	-3.624138E-005	-2.175468E-005	2.090223E-005	2.158414E-005	-2.906541E-005	-2.403947E-005	8.870006E-005	-8.595213E-005	4.731584E-006	-2.560378E-005	4.900285E-006	5.587412E-006	2.293498E-005	1.185539E-005	1.400367E-005	-1.329287E-005	-1.711841E-005	7.244997E-005	8.871502E-007	1.549035E-006	8.571078E-006	-1.286937E-005	1.940545E-006	-1.580993E-006	-4.053466E-006	-1.522887E-006	8.084317E-008	6.812134E-007	1.208892E-005	-7.432363E-006
	65	151	0.4763719	919.6559	-890.1289	1	1279.881	-44.06529	-3.015513E-007	2.289747E-005	8	3.906625E-005	0.0500002	1466.619	0.1846864	2.468688E-005	0.0025187	-0.0024817	0.1073553	-4.524226	5.810444E-005	5.301944E-005	6.27595E-007	-1.975813E-005	0.0004563	-0.0004456	-4.227263E-005	-7.416821E-005	1.868131E-005	1.958302E-005	-1.176435E-005	-7.585652E-006	8.092113E-005	-7.675673E-005	8.265139E-006	-2.76475E-005	4.398542E-006	5.083702E-006	3.580842E-005	1.139316E-005	1.293822E-005	-1.192865E-005	-1.142046E-005	3.996288E-005	8.211027E-007	1.379618E-006	7.75652E-006	1.265958E-005	1.806806E-006	-1.465223E-006	-5.554176E-006	1.78265E-005	8.169081E-008	5.786551E-007	5.370588E-006	-6.061281E-006
	66	162	0.3780242	1030.707	-997.624	1	1434.437	-44.06555	-2.598559E-007	2.284795E-005	8	3.485698E-005	0.0500001	1467.07	0.1856197	2.230384E-005	0.0022477	-0.0022139	0.1081179	-4.524205	5.200218E-005	4.808174E-005	1.403375E-005	-2.409183E-005	0.0004113	-0.0003972	-3.346092E-005	-6.083854E-005	1.671285E-005	1.772232E-005	-3.090128E-005	-1.393454E-005	7.349149E-005	-6.841915E-005	-7.564669E-006	-2.749037E-005	3.924841E-006	4.610843E-006	2.095022E-005	-7.470256E-006	1.188493E-005	-1.065925E-005	-1.236831E-005	3.692793E-005	7.45109E-007	1.234092E-006	4.001544E-006	-1.341163E-006	1.731132E-006	-1.334152E-006	1.954613E-007	4.206959E-006	6.494884E-008	4.984813E-007	2.080959E-005	1.215685E-005
	67	177	0.3004808	1154.291	-1116.918	1	1606.205	-44.05728	-2.23777E-007	2.380362E-005	8	3.112961E-005	0.0500005	1466.916	0.1864375	2.288283E-005	0.0020073	-0.0019772	0.1086844	-4.524227	4.657604E-005	4.351128E-005	3.027497E-006	-1.392122E-005	0.0003706	-0.0003544	-3.289246E-005	-5.462837E-005	1.495114E-005	1.601161E-005	-3.476081E-005	-1.169343E-005	6.66664E-005	-6.103688E-005	-5.005511E-006	-1.826795E-005	3.529054E-006	4.165106E-006	2.748868E-005	8.479285E-006	1.087798E-005	-9.519041E-006	-6.402029E-006	5.829229E-005	6.617483E-007	1.094565E-006	3.264751E-006	-1.879526E-007	1.603454E-006	-1.201392E-006	9.145588E-007	1.387496E-006	7.017297E-008	4.258854E-007	2.084335E-005	-6.056333E-006
	68	195	0.238186	1294.911	-1252.001	1	1801.194	-44.03478	-1.925321E-007	2.292559E-005	8	2.775263E-005	0.0499862	1466.708	0.1870618	2.596286E-005	0.0016648	-0.0018809	-0.1999508	-4.519815	4.640332E-005	3.328332E-005	-1.650397E-005	1.290836E-005	0.0002616	-0.0003768	-4.923112E-005	-6.037631E-005	1.658076E-005	1.024774E-005	-2.89958E-005	-8.482953E-006	3.811733E-005	-7.142308E-005	-1.604483E-005	-4.254143E-005	4.233332E-006	2.152604E-006	1.57007E-005	-2.660207E-006	4.564443E-006	-1.208102E-005	3.160909E-005	4.714704E-005	8.658699E-007	5.09679E-007	6.673858E-006	-1.07917E-006	3.616315E-007	-1.708441E-006	-6.604475E-006	2.70647E-005	1.265125E-007	2.372117E-007	2.544839E-006	2.353219E-006
	69	218	0.1890121	1451.858	-1402.553	1	2018.674	-44.01043	-1.736204E-007	2.304994E-005	8	2.477138E-005	0.0500043	1467.251	0.1878242	2.303261E-005	0.0015088	-0.0016584	-0.1359419	-4.52383	4.071016E-005	3.126546E-005	3.194902E-006	4.448579E-006	0.0002499	-0.0003263	-4.664903E-005	-4.060905E-005	1.432316E-005	1.014474E-005	-3.405475E-005	1.424865E-005	3.933477E-005	-6.129567E-005	-1.289277E-005	-2.921443E-005	3.65031E-006	2.32423E-006	2.607564E-005	-2.392719E-005	5.414351E-006	-1.038585E-005	2.111821E-005	4.842947E-005	7.572053E-007	5.777674E-007	-6.415417E-006	1.11321E-005	6.176106E-007	-1.5065E-006	-3.730879E-006	1.713424E-005	1.226872E-007	2.48634E-007	1.054304E-005	1.124339E-006
	70	245	0.1502404	1626.317	-1569.224	1	2259.949	-43.97644	-1.684684E-007	2.247946E-005	8	2.212614E-005	0.0500033	1467.251	0.1884089	2.464867E-005	0.0013633	-0.001467	-0.08537	-4.524976	3.592035E-005	2.910162E-005	-4.11179E-007	-1.201866E-005	0.0002344	-0.0002839	-5.859091E-005	-6.374043E-005	1.244855E-005	9.76328E-006	-2.590474E-005	4.304922E-006	3.871828E-005	-5.274578E-005	-1.180638E-005	-1.455762E-005	3.147059E-006	2.340072E-006	1.255097E-005	-8.795761E-006	5.729869E-006	-8.897559E-006	7.450581E-009	5.496538E-005	6.514056E-007	5.900893E-007	3.906433E-006	-5.953481E-006	7.408453E-007	-1.29357E-006	4.904345E-006	5.918788E-006	1.044682E-007	2.446723E-007	1.536915E-005	1.26909E-005
	71	278	0.1193355	1823.217	-1757.809	1	2532.591	-43.9536	-2.595718E-007	2.223501E-005	8	1.974362E-005	0.0500021	1467.161	0.1888327	2.563705E-005	0.0012276	-0.0012986	-0.0450478	-4.525448	3.165702E-005	2.759802E-005	2.011657E-006	-2.226015E-005	0.0002172	-0.0002474	-2.879696E-005	-7.711375E-005	1.078977E-005	9.556869E-006	-1.70893E-005	5.475944E-006	3.703701E-005	-4.523621E-005	-2.025254E-005	-3.201958E-005	2.67595E-006	2.527666E-006	2.879323E-005	-1.026353E-005	5.700678E-006	-7.406457E-006	-1.833262E-005	5.498412E-005	5.202292E-007	7.619346E-007	6.726244E-006	3.010267E-006	7.65358E-007	-9.386332E-007	-4.84055E-007	1.164619E-006	4.783215E-008	3.684672E-007	5.260808E-006	7.187482E-006
	72	318	0.0946587	2045.761	-1969.952	1	2840.044	-43.91849	-3.341877E-007	2.315807E-005	8	1.760616E-005	0.050002	1467.341	0.1891922	2.667162E-005	0.0011021	-0.0011509	-0.0128692	-4.525648	2.794954E-005	2.593148E-005	1.952075E-005	-3.633865E-005	0.0001993	-0.0002162	-2.66477E-005	-7.113711E-005	9.369262E-006	9.226542E-006	-2.940674E-005	1.065026E-005	3.476049E-005	-3.888852E-005	-9.125332E-006	-3.840391E-005	2.272393E-006	2.621058E-006	2.407236E-005	-3.279421E-006	5.475838E-006	-6.14867E-006	-1.624692E-006	5.782966E-005	4.049034E-007	8.907132E-007	-6.706688E-006	5.995971E-006	7.271119E-007	-6.352476E-007	5.753012E-006	1.740083E-005	3.627065E-009	4.735484E-007	1.008902E-005	-1.029228E-005
