EXPLAIN
TAG	EISPOT
TITLE	LABEL	Potentiostatic EIS	Test Identifier
DATE	LABEL	2/6/2024	Date
TIME	LABEL	13:13:43	Time
NOTES	NOTES	1	Notes...
	
PSTAT	PSTAT	IFC1010-20135 JB	Potentiostat
VDC	POTEN	0.00000E+000	T	DC Voltage (V)
FREQINIT	QUANT	1.50000E+006	Initial Freq. (Hz)
FREQFINAL	QUANT	1.00000E-001	A Real Number
PTSPERDEC	QUANT	1.00000E+001	Points/decade
VAC	QUANT	2.00000E+001	AC Voltage (mV rms)
AREA	QUANT	1.00000E+000	Sample Area (cm^2)
SPEED	SELECTOR	1	Optimize for:
DRIFTCOR	SELECTOR	0	Drift Correction
THD	SELECTOR	1	THD
ZGUESS	QUANT	1.00000E+002	Estimated Z (ohms)
EOC	QUANT	-3.61446E-005	Open Circuit (V)
SEQUENCER	TOGGLE	TRUE	Run as Sequence
PSTATMODEL	IQUANT	64	Pstat Model
PSTATSECTION	LABEL	IFC1010-20135	Pstat Section
PSTATSERIALNO	LABEL	20135	Pstat Serial Number
CTRLMODE	IQUANT	1	Control Mode
ELECTROMETER	IQUANT	0	RE=0 or CS=1
IESTAB	IQUANT	0	I/E Stability
CASPEED	IQUANT	3	Control Amp Speed
CONVENTION	IQUANT	1	Current Convention
ICHRANGE	IQUANT	2	Ich Range
ICHRANGEMODE	TOGGLE	F	Ich Auto Range
ICHOFFSETENABLE	TOGGLE	T	Ich Offset Enable
ICHOFFSET	QUANT	0	Ich Offset (V)
ICHFILTER	IQUANT	4	Ich Filter
VCHRANGE	IQUANT	2	Vch Range
VCHRANGEMODE	TOGGLE	F	Vch Auto Range
VCHOFFSETENABLE	TOGGLE	T	Vch Offset Enable
VCHOFFSET	QUANT	0	Vch Offset (V)
VCHFILTER	IQUANT	4	Vch Filter
IERANGELOWERLIMIT	IQUANT	4	I/E Range Lower Limit
IERANGEMODE	TOGGLE	F	I/E AutoRange
IERANGE	IQUANT	11	I/E Range
ACHSELECT	IQUANT	0	Ach Select
ACHRANGE	IQUANT	2	Ach Range
ACHOFFSETENABLE	TOGGLE	F	Ach Offset Enable
ACHOFFSET	QUANT	0	Ach Offset (V)
ACHFILTER	IQUANT	1	Ach Filter
SENSECABLEID	IQUANT	13	Sense Cable ID
PWRCABLEID	IQUANT	13	Power Cable ID
DCCALDATE	LABEL	1/30/2024	DC Calibration Date
ACCALDATE	LABEL	1/10/2018	AC Calibration Date
FRAMEWORKVERSION	LABEL	7.10.3	Framework Version
INSTRUMENTVERSION	LABEL	4.91	Instrument Version
COMMVERSION	LABEL	3.10	Communications Version
CPUPLDVERSION	LABEL	2.22	CPU PLD Version
CTRLPLDVERSION	LABEL	0.00	CTRL PLD Version
PSTATPLDVERSION	LABEL	0.00	PSTAT PLD Version
ZCURVE	TABLE
	Pt	Time	Freq	Zreal	Zimag	Zsig	Zmod	Zphz	Idc	Vdc	IERange	Imod	Vmod	Temp	Ithd	Vthd	IHr1	IHi1	VHr1	VHi1	IHr2	IHi2	VHr2	VHi2	IHr3	IHi3	VHr3	VHi3	IHr4	IHi4	VHr4	VHi4	IHr5	IHi5	VHr5	VHi5	IHr6	IHi6	VHr6	VHi6	IHr7	IHi7	VHr7	VHi7	IHr8	IHi8	VHr8	VHi8	IHr9	IHi9	VHr9	VHi9	IHr10	IHi10	VHr10	VHi10
	#	s	Hz	ohm	ohm	V	ohm	°	A	V	#	A	V	°C	#	#	A	A	V	V	A	A	V	V	A	A	V	V	A	A	V	V	A	A	V	V	A	A	V	V	A	A	V	V	A	A	V	V	A	A	V	V	A	A	V	V
	0	4	1500059	4.501383	0.7003974	1	4.555547	8.84408	6.224657E-005	-0.0002123	10	0.0031455	0.0155072	1467.161	0.0026669	0.003136	-0.1559306	-0.2381992	-1.127718	-0.8355893	-0.0002779	-0.0006303	-0.0042042	-0.0003936	6.382726E-005	-0.0002766	-0.0007186	-0.000578	3.590249E-005	3.512367E-005	0.0001691	0.0001141	6.668293E-005	1.322507E-005	-0.0004542	-0.0002899	-9.228942E-006	-1.896417E-005	-5.986915E-005	-0.0002013	4.801108E-005	-5.485025E-006	6.875955E-005	-0.0001314	5.125836E-005	-2.739486E-006	0.0003682	-0.0001865	-3.463869E-005	5.792489E-005	-0.0002729	-8.325932E-005	5.185581E-005	3.861252E-005	0.0002069	-2.129097E-005
	1	6	1191504	4.447264	0.5516886	1	4.481352	7.071486	8.559735E-006	-0.0001076	10	0.004332	0.0203667	1466.799	0.0031192	0.003678	-0.2894012	0.2645422	-0.978706	1.562107	0.0006538	0.0009097	0.0061809	0.0009314	0.0003883	-0.000274	0.001291	-0.00204	-3.430574E-005	-4.848536E-005	-0.0002482	-0.0002488	-7.172535E-005	-2.411986E-005	-9.4058E-005	0.0003018	-3.337058E-005	-1.552096E-005	-0.0002648	-0.0002459	-3.191783E-005	1.478777E-005	-0.0003312	-0.0002563	-3.113505E-005	-1.470838E-005	-0.0002755	-2.067443E-005	6.422168E-006	3.091339E-005	-0.0003908	0.0003214	-2.993108E-005	-2.591871E-006	-0.0003173	-0.0003252
	2	7	946464.9	4.413426	0.4144794	1	4.432846	5.365099	2.140877E-005	-9.211156E-005	10	0.004436	0.0202491	1469.601	0.0027075	0.0029744	0.3763483	0.1398661	1.814706	0.2564442	-0.001029	-0.0001584	-0.0047907	0.002062	0.0001753	-0.0002007	0.0008613	-0.0010587	-8.357457E-007	2.569938E-005	0.0001338	2.382323E-005	-7.681084E-006	-0.0001082	-0.0001796	-0.0002535	3.406056E-005	1.725345E-005	0.0002426	0.0001333	-3.865851E-005	0.0000951	-0.0002244	0.000487	4.819827E-006	-1.025223E-005	0.0002953	0.0002383	4.636691E-005	4.13321E-006	-2.465339E-005	8.806959E-005	5.518086E-007	-1.164968E-006	-9.283331E-005	0.0001038
	3	9	751816.4	4.388406	0.2883029	1	4.397866	3.758731	1.795502E-005	-7.079804E-005	10	0.004531	0.0202904	1466.98	0.0019107	0.0020207	-0.0851377	-0.4011676	-0.6937416	-1.700403	0.0004187	-0.00065	0.0006004	-0.0035528	1.799635E-005	-0.0001041	0.0001559	-0.0003101	8.208212E-006	-2.87802E-006	0.0001888	-0.0002568	5.109527E-005	3.006309E-005	0.000579	0.0002568	-8.838252E-006	8.501927E-006	0.0001582	0.0001847	2.065231E-005	-1.725555E-005	0.0001409	-1.683273E-005	-4.355797E-006	-1.388998E-005	5.682372E-005	-0.0002274	7.969793E-007	-7.308089E-006	-3.125891E-005	-0.0001507	1.79396E-005	2.339017E-006	-7.957407E-005	-2.05189E-005
	4	11	597246.1	4.373575	0.1797113	1	4.377265	2.352974	1.035355E-005	-7.167624E-005	10	0.0045633	0.0202003	1466.98	0.0015572	0.0014498	0.3891649	0.1383486	1.795543	0.3446717	-0.0005902	-2.705911E-005	-0.0023694	0.0005294	-0.0002205	-8.131541E-005	-0.0007537	0.000266	1.187483E-005	-6.363961E-006	-1.80509E-005	8.916948E-006	-2.560951E-005	-8.882024E-006	0.0002636	-0.0002613	4.645984E-005	-3.592624E-005	0.0001225	-0.0002366	-2.111448E-005	5.444512E-006	-0.0001943	4.336424E-005	1.348602E-005	4.211138E-005	-2.079457E-005	0.0002474	-1.870957E-005	3.696093E-005	-0.0002575	0.0002535	-2.786471E-005	-6.380492E-006	-0.0001926	0.0001233
	5	13	474433.6	4.372998	0.0676455	1	4.373521	0.8862318	1.080675E-005	-7.360394E-005	10	0.0045832	0.0201854	1466.98	0.0011408	0.0011933	-0.3107145	0.2748326	-1.189647	1.386575	0.0002725	0.0003726	0.0016263	0.0011955	-1.836184E-005	-3.589504E-005	0.0006038	-0.0001443	2.647657E-005	-7.096446E-006	-5.657786E-005	3.592251E-005	4.510954E-005	5.318969E-005	0.0003189	-0.0001106	-5.073846E-006	1.274364E-005	-4.386344E-005	2.82093E-005	-5.582698E-006	4.06825E-005	-8.916576E-005	-0.0001297	-5.310868E-006	5.430309E-006	-6.198884E-006	-0.0001885	1.076725E-006	1.290487E-005	9.723939E-006	0.000189	-3.627968E-005	-1.267693E-005	-0.0002756	-1.750048E-005
	6	15	376816.4	4.374313	-0.0331031	1	4.374439	-0.4335839	1.677606E-005	-7.021113E-005	10	0.0045796	0.0201211	1467.431	0.0011002	0.0012078	-0.2011984	0.3623882	-0.6719957	1.692634	0.0003587	8.259033E-005	0.0015356	-7.615193E-005	0.0001558	6.489689E-005	0.001145	0.0003051	4.586298E-006	-6.278128E-005	-0.0002421	-0.0002769	0.0001503	-0.0001158	0.0004819	-0.0007521	-9.673649E-006	1.06974E-005	-5.305187E-005	-7.795543E-005	8.033006E-006	1.574447E-005	-0.0002205	-9.112061E-006	-1.168344E-006	-5.712734E-006	0.0001428	4.962645E-005	-3.12028E-005	-9.402168E-006	-0.000121	-3.780798E-005	2.231635E-005	4.375214E-005	0.0001998	2.739858E-005
	7	17	299355.5	4.381897	-0.1347346	1	4.383968	-1.761176	1.700443E-005	-8.631988E-005	10	0.0045749	0.0201114	1467.612	0.0009022	0.0009023	-0.3350001	-0.243371	-1.596374	-0.8746425	-0.0002456	-0.0001054	-0.0011199	-0.0002469	0.0002181	-6.059651E-006	0.000979	-0.0002148	4.87637E-005	1.053768E-005	0.0001827	-0.0002171	-7.779036E-005	9.300699E-005	-0.0001987	0.0002673	-2.891058E-005	1.175705E-005	-1.697335E-005	0.0001192	-4.851726E-006	2.820732E-005	-0.0001181	0.0002142	-1.608074E-005	-1.296634E-005	-9.038021E-006	0.0001748	4.034518E-006	2.112426E-005	0.0001331	0.0001096	-2.059457E-005	1.397007E-005	-0.0002257	-2.376735E-005
	8	19	237832	4.392417	-0.2461679	1	4.39931	-3.207719	8.438714E-006	-0.0001971	10	0.004526	0.0199459	1467.07	0.0009523	0.0009732	0.162284	-0.3761321	0.4899712	-1.737531	0.0002483	-4.104922E-005	0.0011577	-0.000361	-0.0001469	-0.0002274	-0.0007999	-0.0007516	4.647346E-005	-2.543675E-005	0.0001319	-0.0001797	-0.0001031	3.266614E-007	-0.000274	0.0001805	-6.727468E-006	1.836941E-005	-0.000146	1.824275E-005	-1.641596E-005	-3.339375E-006	-0.0002783	0.0002233	8.588657E-006	1.812354E-006	-9.401609E-005	-0.000148	1.925323E-005	-2.56293E-005	-3.416465E-005	-0.0002289	-1.192233E-005	-1.301896E-005	-6.220118E-005	-0.0001309
	9	21	188847.7	4.410126	-0.3625741	1	4.425005	-4.699944	3.908548E-006	-0.000237	10	0.002527	0.011194	1466.98	0.0021672	0.0020405	0.0673633	-0.2185691	0.1576346	-1.000828	0.0001595	1.758244E-005	0.0007388	-8.162112E-005	-6.438932E-005	-0.0004487	-0.0002718	-0.001773	-4.075556E-005	3.277627E-005	-0.0003755	0.000309	8.385908E-005	-4.917466E-005	0.0002991	-0.0001746	-8.088538E-007	3.197812E-006	9.183213E-005	-7.927838E-005	2.624582E-005	1.018983E-005	0.000133	-0.0001484	7.506926E-006	-8.064207E-006	0.0001852	0.0001214	7.896335E-006	3.630109E-005	6.626546E-005	8.293148E-005	1.577311E-006	-1.517125E-006	-8.894527E-005	-0.0001575
	10	23	150058.6	4.429132	-0.4935515	1	4.456546	-6.358409	8.265091E-006	-0.0002369	10	0.0028329	0.0126338	1467.431	0.0023753	0.0021745	0.1901545	-0.1720057	0.7156792	-0.8918195	-1.530349E-005	0.000132	3.129337E-005	0.0003951	0.0005061	0.0002399	0.0021434	0.0009585	-8.016826E-006	-4.641288E-005	3.630295E-006	4.720874E-006	-0.0001693	-4.838891E-005	-0.0003647	-0.000459	3.783312E-005	1.202594E-005	-1.90977E-005	-4.116237E-005	5.377783E-005	1.067546E-005	1.181196E-005	0.0001703	-4.610048E-007	2.092274E-005	9.304937E-005	0.0002627	4.528323E-006	2.816157E-005	2.069492E-005	0.0001026	8.439412E-006	-2.154091E-005	1.620501E-007	-0.0002217
	11	24	119238.3	4.454265	-0.6443794	1	4.500633	-8.231628	4.06935E-006	-0.0002438	10	0.003168	0.0142641	1467.522	0.0026957	0.0024047	0.2850574	-0.0309559	1.237072	-0.3693785	-0.0001948	9.401934E-006	-0.000755	0.0003375	-0.0007025	4.212279E-005	-0.0028179	0.0001191	3.31467E-005	9.318092E-005	0.0001016	0.0004047	8.773617E-005	0.0001836	0.0004134	0.0005709	7.084804E-006	2.169795E-005	-3.734046E-005	0.0003197	8.284923E-005	-3.178535E-005	0.0001744	7.587671E-005	-2.751371E-005	-2.983376E-005	-0.0001588	3.292784E-005	-2.590404E-005	-1.604948E-005	-0.0002072	-8.025208E-005	-3.834046E-005	-2.152505E-005	-0.0003043	-0.0001432
	12	26	94746.09	4.487113	-0.8224706	1	4.561868	-10.3868	4.241989E-006	-0.0002434	10	0.0035179	0.0160527	1466.889	0.0028956	0.002824	0.0874848	-0.3061518	0.0967012	-1.449703	6.89264E-005	0.0001716	0.0003171	0.0004344	0.0004069	0.0007691	0.0020588	0.0033189	-3.903942E-005	-7.648918E-005	-0.0001189	-0.0003294	-0.00011	-0.0001505	-0.0006614	-0.0006819	4.259055E-007	2.741953E-005	-8.284115E-005	-4.887954E-005	6.894348E-005	6.400154E-005	0.0002058	0.0003214	1.259614E-005	-3.422518E-005	0.0002137	3.21134E-005	-3.932121E-005	-3.406826E-005	-4.938665E-005	-1.089647E-007	3.473065E-005	4.172162E-005	-4.90225E-005	0.0002476
	13	27	75292.97	4.523079	-1.018042	1	4.636232	-12.6846	3.679123E-006	-0.0002485	10	0.0038023	0.0176315	1467.612	0.0020939	0.0019087	0.3003745	-0.1679667	1.161694	-1.094131	-0.0000986	7.056096E-005	0.0001029	-6.293972E-005	6.215204E-005	-0.0006437	0.000162	-0.0027408	-4.955545E-005	-4.072977E-005	-0.0004509	-0.000259	-0.0001184	-0.000242	-0.0005892	-0.0009678	-3.57066E-005	3.546523E-005	-0.000162	0.0002015	-7.179951E-005	-2.484699E-005	-0.0001782	-5.47832E-005	-1.438474E-005	-1.014187E-005	-0.0001944	6.620213E-005	-1.512515E-005	1.219381E-005	-1.423992E-006	-0.0001115	-8.23103E-006	2.473849E-005	-0.0001188	-1.659244E-005
	14	29	59824.22	4.580042	-1.287369	1	4.757532	-15.69974	7.619012E-006	-0.0002454	10	0.0040691	0.019361	1466.98	0.0008952	0.0008929	0.1608659	-0.3313037	0.277085	-1.730313	0.0001615	8.31355E-005	0.0005528	-0.0006684	-0.0001814	-0.0001905	-0.0008325	-0.0008432	-3.35246E-005	4.292E-006	-6.213599E-005	4.946068E-005	2.847309E-005	-3.649621E-005	0.0001958	-0.0002682	-1.272862E-005	1.36639E-005	-0.0001905	5.048839E-005	-3.246079E-005	3.966736E-006	-0.0001093	0.0001195	-1.502398E-005	1.599547E-007	-1.26611E-005	-1.145527E-005	-2.960098E-005	-2.203509E-006	-9.109989E-005	-0.0001867	-1.195027E-005	2.405886E-005	-0.0001248	0.0002264
	15	31	47519.53	4.648861	-1.596466	1	4.915345	-18.95299	7.516921E-006	-0.0002485	10	0.003198	0.0157202	1467.431	0.0007248	0.0007088	0.2601909	-0.1268095	0.99175	-1.020238	-4.739362E-005	0.0001833	0.0007342	0.0003622	2.729171E-005	-6.810478E-005	-0.0001641	-0.0003096	1.021149E-005	-1.160125E-005	6.280839E-005	-5.159714E-005	-1.595763E-005	2.699951E-005	2.654269E-005	0.0003188	-8.702978E-006	1.908941E-005	-0.0001385	0.0002057	3.947644E-006	-1.440104E-005	-2.906472E-005	-0.0000982	1.996837E-005	-1.614098E-005	5.476177E-007	-7.0408E-007	1.248484E-005	4.00166E-006	9.07965E-005	-2.470939E-005	4.521105E-006	7.910654E-006	0.0001805	-4.199707E-005
	16	32	37792.97	4.735685	-1.969061	1	5.128734	-22.57716	7.117549E-006	-0.0002489	10	0.0029294	0.0150245	1467.161	0.0009449	0.0008792	-0.2370679	-0.1187241	-1.357572	-0.0789624	-0.0001869	-0.0001309	-0.0008454	0.0006431	-6.285963E-005	-7.149112E-005	-0.0001864	-0.0002381	-7.730444E-006	1.142593E-005	-0.0001742	0.0001698	-2.341264E-005	1.08094E-005	6.522238E-005	0.0001921	1.430194E-005	-1.071487E-006	0.0001174	1.677126E-005	-7.836906E-006	1.381151E-006	-1.631607E-005	4.521944E-005	-2.34961E-006	-6.006566E-006	4.474353E-005	0.0001385	1.633773E-005	1.307763E-005	-0.0002347	0.0001158	3.133202E-006	4.070811E-006	-4.540757E-005	-3.533998E-005
	17	34	29941.41	4.848967	-2.432772	1	5.425022	-26.64335	7.077069E-006	-0.000249	10	0.0039701	0.0215386	1466.889	0.0018204	0.0014986	-0.3200913	0.163287	-1.139739	1.581564	-0.0002407	0.0005608	0.0022929	0.0011935	0.0001028	0.0001728	0.000863	0.0006055	-2.876855E-006	-4.646136E-007	0.0001417	-2.862746E-005	-0.000111	4.388252E-005	-0.0006993	0.0002796	1.42511E-005	5.910289E-006	0.0001728	6.811693E-005	1.408113E-005	-5.616109E-006	0.0001753	-5.652105E-005	1.081079E-005	-6.370946E-006	-0.0001261	-0.0002125	-8.937438E-006	-1.079566E-005	-4.960225E-006	0.0001065	1.200941E-006	-1.661014E-006	-6.842987E-005	9.115972E-005
	18	35	23847.66	4.998977	-2.986048	1	5.822908	-30.85121	2.741454E-006	-0.000258	10	0.0035415	0.0206224	1467.612	0.0025797	0.0017948	0.2451969	-0.2064611	0.5957039	-1.768911	-0.0001047	0.0007837	0.003058	0.0005424	-0.0001946	3.667921E-005	-0.0009346	0.0002163	4.21243E-006	-1.300243E-006	0.0002315	9.611249E-007	-8.770033E-005	-0.000106	-0.0005282	-0.000391	1.284864E-005	7.751631E-006	-2.173707E-006	0.0001865	2.273715E-006	-4.512957E-006	0.0001603	-0.0001865	-1.152663E-005	-6.324962E-006	4.446507E-005	0.0001023	-8.654316E-007	-5.697076E-006	0.0001977	5.901884E-005	-9.324432E-006	3.88152E-006	-0.0001444	-1.685321E-005
	19	37	18925.78	5.206742	-3.672602	1	6.37167	-35.19743	2.638751E-006	-0.0002567	10	0.0031407	0.0200114	1467.573	0.0035999	0.0018847	-0.0265076	0.283021	0.910953	1.565476	0.0008994	0.0004088	0.00116	-0.0028913	-0.0002013	-2.179508E-005	-0.0011407	9.420235E-005	-1.583601E-005	-3.978349E-007	0.0001007	-0.0001131	-0.0001301	0.0001037	-0.0004735	0.0004305	-8.840435E-007	-8.706805E-006	0.0001117	-0.0001529	3.010648E-005	1.175774E-005	0.0002161	9.21227E-005	1.888911E-005	-4.66616E-006	0.0002131	0.0001397	1.436043E-005	6.673115E-006	0.0001572	0.0001547	1.288991E-006	1.980046E-005	1.151254E-005	-1.295283E-005
	20	38	15058.59	5.492677	-4.492088	1	7.095658	-39.2774	7.057075E-006	-0.0002498	10	0.0027789	0.0197183	1467.431	0.0048082	0.0019961	-0.2515103	0.0019579	-1.367144	1.147197	-0.0010406	-0.0005463	-0.001233	0.0030187	0.0001213	0.0001832	0.0004281	0.0010639	-1.919479E-005	-2.302212E-005	2.287328E-005	1.461757E-005	-0.000172	3.738527E-005	-0.0006685	0.0004388	3.286405E-006	4.565693E-006	-8.52719E-006	-3.837376E-005	-3.598631E-006	-1.912715E-005	0.0001278	-0.0001543	-7.480151E-006	-5.646144E-007	-0.0001278	-4.077238E-005	1.421967E-005	-1.110497E-005	7.64709E-005	-9.372552E-005	5.187467E-007	-1.618895E-005	0.0001657	-2.483558E-005
	21	39	11863.43	5.908939	-5.517914	1	8.084735	-43.04011	-3.437572E-006	-0.0001571	10	0.002422	0.019581	1467.612	0.006163	0.0018157	-0.074751	0.2060719	0.7016005	1.62748	0.000112	0.0013047	0.0027755	-0.0002561	-0.0002479	-6.337791E-005	-0.001066	-0.0002305	5.747832E-006	-1.798384E-006	0.0001345	-0.0001846	-0.0001776	0.0001049	-0.0006431	0.00084	-2.139132E-007	-1.346402E-006	0.0001211	-6.415696E-005	1.73218E-005	3.529142E-005	-6.465103E-005	0.0003396	8.561939E-006	1.189817E-005	0.0001356	9.237602E-005	2.256176E-005	6.372866E-006	4.794076E-005	-0.0001643	1.031731E-005	1.168446E-007	7.035211E-006	0.0001743
	22	41	9432.87	6.46167	-6.680012	1	9.293855	-45.95185	2.061887E-006	0.0001304	10	0.0021088	0.0195995	1466.799	0.0074655	0.0016285	0.1774484	-0.0702968	0.6733364	-1.641187	-0.0012858	-0.0004419	-0.0003808	0.0022329	-0.000298	0.0001464	-0.0008139	0.0008694	9.615556E-006	-1.313631E-006	0.0000996	3.324822E-005	-0.0002488	-7.136924E-005	-0.001287	6.210245E-005	-3.166672E-006	-3.164472E-005	-1.367554E-005	-0.0001778	-1.759001E-005	-3.773278E-005	-0.0001057	-4.005899E-005	2.920406E-005	-1.71453E-005	0.0001893	-0.0001793	4.434492E-006	-1.576892E-005	-4.553982E-005	3.205426E-005	1.640452E-005	7.031718E-006	5.162903E-005	8.538552E-005
	23	42	7558.594	7.188561	-7.971151	1	10.73381	-47.95516	7.217859E-007	6.027537E-005	10	0.0018344	0.0196907	1467.431	0.0084347	0.0015734	-0.1659521	-0.0051428	-1.231644	1.288132	-0.0001987	-0.0013001	-0.0016443	0.0006977	0.0002628	0.0002863	0.0014672	0.0004483	1.155864E-005	2.630812E-006	-7.134491E-005	-1.01605E-005	-0.0001503	0.000223	-0.0002706	0.0014405	4.3849E-006	2.67335E-005	8.185208E-005	8.403789E-006	-4.437846E-005	-3.144541E-005	-0.0002349	-0.0001118	-3.184542E-005	2.122356E-005	-0.0001065	0.0001322	2.263882E-005	-4.476368E-005	1.790561E-005	-0.0001806	-3.020279E-006	-1.440302E-005	-0.000131	-0.0001086
	24	44	5960.648	8.226483	-9.52604	1	12.58652	-49.18682	1.910539E-006	0.0001298	10	0.0015703	0.0197652	1467.341	0.0094165	0.0013915	0.0626094	-0.1275964	-0.702802	-1.645111	-0.0010158	0.0007104	0.0009669	0.0006593	0.0002942	0.0002999	0.0015744	0.0001206	-3.252936E-006	-4.210743E-006	1.469348E-005	4.075468E-006	0.0002537	-8.708312E-005	0.0010146	-0.0010714	1.056888E-005	1.803867E-005	0.0001147	0.0000956	9.973184E-006	-3.465941E-005	-4.023594E-005	-0.0001301	3.223144E-005	-1.336739E-005	0.0001151	-0.0001683	-2.932245E-005	-3.885618E-005	-0.0001337	-0.0001116	-6.353484E-006	-2.93249E-005	-0.0001155	-0.0001744
	25	45	4746.094	9.5215	-11.15659	1	14.66726	-49.52115	-3.129392E-006	4.923061E-005	10	0.001351	0.0198156	1466.98	0.0100654	0.0013569	0.0062572	0.1221183	1.423261	1.091329	-0.0002405	0.0010859	0.000808	-0.0001622	-0.00038	0.0002161	-0.0002305	0.0017112	-2.320041E-006	1.320857E-005	-6.46487E-005	6.143702E-005	0.0002622	9.341107E-005	0.001404	-0.0003562	-5.819894E-006	-1.382106E-005	-7.621759E-005	-2.199784E-006	-1.045515E-005	-4.869363E-005	-0.0001582	-0.0002406	-2.224685E-005	4.884106E-005	-4.009158E-005	0.0001363	-4.331355E-005	3.041944E-005	-0.0001597	0.0000981	2.47506E-005	5.890266E-006	0.0001099	-4.084782E-006
	26	47	3761.574	11.18425	-12.908	1	17.07934	-49.09241	2.141423E-006	0.0001312	10	0.0011642	0.0198834	1467.431	0.0103848	0.0013941	-0.0946705	0.0462612	-0.4601094	1.73983	-0.0003258	-0.0009205	-0.0001959	0.0004529	0.0004138	4.627061E-005	0.0010532	-0.0015152	1.078472E-005	7.547147E-006	7.780734E-006	5.962118E-005	0.0002471	3.260537E-005	0.0013854	-0.0007301	1.115724E-006	-2.806593E-005	1.25356E-005	-0.0001414	4.914438E-005	7.643859E-006	0.0001734	-3.100676E-005	2.710486E-005	-3.684633E-005	-8.426887E-005	-0.0002416	4.209101E-005	2.392702E-005	0.0002292	1.132628E-005	1.162733E-005	-2.049277E-005	0.0001374	-4.112233E-005
	27	48	2993.223	13.16513	-14.66423	1	19.70686	-48.0834	1.937643E-006	0.0001323	10	0.0010112	0.0199267	1466.889	0.0104647	0.0013563	-0.0108948	0.0908681	1.190059	1.355204	-0.0007245	0.0004194	0.0002338	-5.156874E-005	-0.0003343	-0.0002244	-0.0012737	0.0011557	-1.081731E-006	9.772019E-006	3.98017E-005	6.830879E-005	-5.601848E-006	0.0002135	0.0010864	0.0012186	1.059106E-005	-1.036267E-005	-4.20604E-005	-0.0001214	4.804682E-005	-1.905079E-006	0.0002109	-0.0001539	-4.30779E-005	-1.715898E-005	-0.0002869	-8.137339E-005	-1.67047E-005	-5.728968E-005	-0.0001223	-0.0002714	-1.562416E-005	9.98727E-006	-7.544901E-005	0.000171
	28	49	2372.685	15.52101	-16.43441	1	22.60512	-46.63727	1.980538E-006	0.0001334	10	0.0008817	0.0199304	1467.431	0.0105963	0.001305	0.0495185	0.0625775	1.797095	0.1564334	0.0001889	0.0006863	-0.000235	-0.0001547	-6.13797E-005	0.0004003	0.0016992	0.0002639	1.552275E-005	1.153757E-005	-4.908758E-005	4.560407E-005	-0.0001051	-0.0001618	-0.0014559	-0.0003723	1.439542E-005	1.025927E-005	0.0002269	0.0001326	2.546356E-005	4.115893E-005	0.0002611	5.839672E-005	-1.61716E-005	-2.530422E-005	-0.0001878	2.449984E-005	-1.45688E-005	-4.603627E-005	-0.0002443	-7.430931E-005	1.218337E-005	2.679124E-005	2.121995E-005	2.107583E-005
	29	51	1886.433	18.137	-18.10709	1	25.62845	-44.95272	-3.270727E-006	5.092016E-005	10	0.0007786	0.0199556	1466.799	0.0106526	0.0012752	0.0610405	-0.0352254	0.4684725	-1.744363	0.0001364	-0.0005999	0.0001192	0.0001664	-0.0002404	-0.0003053	-0.0010465	0.001172	9.825104E-006	-5.630355E-007	7.146224E-005	-3.740612E-005	-0.0001604	-4.541904E-005	-0.0014769	0.0005798	9.277312E-006	2.331028E-006	7.78567E-005	4.249625E-006	-2.132347E-005	-2.060615E-005	-0.0002787	-3.666804E-005	4.042301E-005	-2.327985E-005	0.0001008	-0.0002154	-3.487225E-005	-3.519888E-005	-0.0003178	-0.0001289	2.489326E-005	7.256604E-006	0.0001039	-1.766346E-005
	30	52	1506.696	20.92907	-19.67802	1	28.72717	-43.23536	4.467297E-007	6.201396E-005	10	0.0006959	0.0199917	1467.431	0.0107359	0.0012773	0.0499411	-0.0383832	0.2892681	-1.786174	9.22633E-005	-0.0005148	0.0001992	0.000164	-0.0002723	-0.0002854	-0.00068	0.001416	9.516574E-006	1.027703E-005	5.044416E-005	9.178743E-005	-0.0001472	1.731238E-005	-0.0009053	0.0012832	-8.635762E-006	-2.002346E-005	-0.0001575	-8.136035E-005	-4.423082E-005	1.349038E-005	-0.0001472	0.0002703	2.14146E-006	-3.621574E-005	-0.00023	-0.0001771	-3.39175E-005	-1.020535E-005	-0.0002485	0.0001317	7.815339E-006	-2.75744E-005	0.0000981	-0.0001776
	31	54	1185.994	24.09109	-21.2881	1	32.14909	-41.46542	2.009132E-006	0.0001344	10	0.0006213	0.0199726	1467.431	0.0107442	0.0012591	0.0362643	0.0429723	1.788503	0.2628647	-0.0001475	0.0004177	-0.0003191	1.766905E-005	-0.0003262	0.0002036	0.0014569	0.0004208	3.066729E-006	-3.471797E-006	4.966557E-005	-9.050594E-006	-4.447191E-005	-0.0001179	-0.0014271	-0.0006716	1.03733E-005	-1.097753E-006	7.749349E-005	7.586158E-005	-5.568553E-006	3.025646E-005	0.0001333	0.0001416	2.608402E-006	-4.009787E-005	-0.000175	-0.0001532	4.148926E-006	-3.708235E-005	-0.0002005	-0.0003271	-7.941738E-006	2.845732E-005	5.177408E-005	0.0001865
	32	55	948.6607	27.19676	-22.77839	1	35.47561	-39.94755	-1.299827E-007	5.955067E-005	9	0.0005663	0.0200881	1467.07	0.0109066	0.0013642	0.036745	0.0357279	1.813179	0.134567	-0.0001285	0.0003604	-0.0001061	-7.945859E-005	-0.0003124	0.0002354	0.0017606	0.0001545	-3.591705E-006	6.985472E-006	-5.260483E-005	9.851065E-006	-6.354528E-005	-7.752563E-005	-0.0016266	-1.0157E-005	4.303525E-006	4.877045E-006	9.132037E-005	9.38829E-005	1.306029E-005	9.81515E-006	0.0002963	9.093154E-005	-2.35514E-005	-1.557227E-005	-0.0001287	-8.305256E-005	-3.592386E-005	-1.555501E-005	-0.0004617	3.159419E-005	1.66909E-005	5.830196E-006	0.0001015	3.295764E-005
	33	56	752.3148	30.52155	-24.33645	1	39.03624	-38.56721	3.992318E-008	0.0001298	9	0.0005112	0.0199544	1467.431	0.0112285	0.0012609	0.0460401	-0.0045717	1.293886	-1.260059	0.0003083	0.0001086	0.0002254	0.0001571	0.0003881	3.685596E-005	-0.001211	-0.0010602	-1.925428E-005	7.119379E-006	-3.669133E-005	6.919377E-005	8.924189E-005	-2.267417E-005	0.0004597	-0.0013557	-7.932599E-006	6.999529E-006	-0.0001836	4.685903E-005	1.53458E-005	1.601328E-005	0.0003005	8.682348E-005	-1.73376E-005	-8.328993E-006	-0.0002215	0.0002623	-2.300565E-005	2.403912E-005	-7.611142E-005	0.0004159	8.873409E-006	-5.140378E-006	-0.00013	-0.0001294
	34	58	599.564	33.89145	-25.99019	1	42.70972	-37.48336	-1.102872E-006	5.350055E-005	9	0.0004673	0.0199563	1466.889	0.0119005	0.0012854	0.004949	-0.0420005	-0.9239379	-1.552043	-0.0001501	-0.0002429	-3.141351E-006	-0.0003034	-0.000332	0.0002306	0.0015628	-0.0003332	-2.638452E-006	-3.141846E-006	-0.0001772	3.366359E-005	4.81504E-005	-6.24817E-005	-0.0001835	-0.0015472	7.320865E-006	-2.390552E-006	0.0001345	-0.0001761	-7.043273E-006	-1.548731E-005	-0.0002119	7.138401E-005	1.081948E-005	-2.627247E-005	-3.659261E-005	-0.0002668	-2.791966E-005	8.766452E-006	-5.973225E-005	0.0002906	-1.161111E-005	-4.019182E-006	-9.446592E-005	0.000127
	35	59	474.0168	37.49704	-27.87228	1	46.72142	-36.62414	-2.253105E-007	9.199165E-005	9	0.0004279	0.0199948	1467.431	0.0128925	0.001185	0.02903	0.0256409	1.803119	0.1544251	-0.0001985	0.000177	-0.0003243	0.0001035	-0.000409	8.07209E-005	0.0013462	-2.945587E-005	1.123209E-005	6.587943E-006	6.66515E-005	2.855435E-005	-5.256918E-005	-3.198724E-005	-0.0014635	0.0004522	4.631991E-006	4.266825E-006	0.0001249	1.714565E-005	1.75836E-005	7.370836E-007	0.0002423	-0.0002609	-1.410116E-005	-2.149595E-006	-0.0001247	0.0001326	-1.518699E-005	2.390676E-006	-0.0002565	0.0001521	1.025247E-005	-2.309331E-006	0.000128	-0.0001926
	36	61	377.1552	41.17335	-29.94405	1	50.91061	-36.02718	-2.331876E-007	9.005943E-005	9	0.0003924	0.0199765	1467.341	0.0137672	0.0011746	0.0316143	0.0161784	1.786423	-0.278902	-0.0001249	0.00021	-0.0002592	0.0002587	-0.0002928	0.0003001	0.0009163	-0.0010139	4.132948E-006	-4.132279E-006	2.572453E-005	-7.725881E-005	-3.302783E-005	3.964192E-005	0.0002432	0.0014787	3.497582E-006	-5.025767E-006	4.548579E-006	3.04468E-005	2.790475E-007	-1.894406E-005	-0.0002143	-0.000199	-3.725873E-007	1.183939E-005	0.0002497	0.000158	1.110626E-005	1.285993E-005	0.0002175	0.0001046	-7.88289E-006	-3.120658E-007	-0.0001507	4.224991E-005
	37	62	298.2954	45.15036	-32.38496	1	55.56384	-35.65071	-3.095774E-007	3.103698E-005	9	0.0003597	0.0199879	1466.708	0.0148183	0.0011774	-0.0297325	0.0132674	-0.9139246	1.561277	0.0001994	0.0001099	0.0003105	0.0002958	-0.0004123	8.997633E-005	0.0011664	-0.0007433	-9.463111E-008	8.152885E-006	7.008307E-005	4.566507E-005	3.785514E-005	2.834626E-005	0.0014785	-0.0001906	1.982553E-007	-2.607209E-006	-3.944292E-005	-5.906123E-005	7.629133E-006	1.055386E-005	0.0002424	6.871368E-005	1.075029E-005	-2.027693E-006	0.0001421	-0.0001675	-7.131342E-006	1.340621E-005	0.0001781	0.0002229	3.942609E-006	4.288901E-006	0.0001089	-3.071781E-005
	38	63	236.7424	49.30915	-35.15649	1	60.55882	-35.48815	-1.63953E-007	8.945307E-005	9	0.0003296	0.0199618	1467.341	0.0160327	0.0011328	0.0192148	0.0228225	1.749582	0.4508519	-0.0002115	-1.62183E-005	-0.0003834	1.423713E-005	-0.000347	-0.0002482	0.0012805	4.509836E-005	8.650866E-006	3.769557E-006	1.756474E-006	8.224696E-005	-3.202482E-005	-1.865934E-005	-0.0014309	0.0002858	4.414262E-006	-3.521273E-007	0.0001116	-4.595147E-005	9.223055E-006	2.455956E-006	0.0003015	-0.000156	-9.144686E-006	-1.780543E-006	-0.0001884	0.0000956	-1.111299E-005	-2.078421E-006	-0.0002008	0.0001693	3.644411E-006	-1.214139E-006	7.436797E-005	-0.0001226
	39	65	189.0121	53.66259	-38.26134	1	65.90601	-35.48881	-4.666701E-007	3.134951E-005	9	0.0003027	0.0199471	1467.341	0.0176028	0.0011566	0.0157075	0.0224426	1.701324	0.6041307	-0.0001924	-7.390734E-005	-0.0003391	6.514322E-005	-0.0002429	-0.0003594	0.0013687	-6.14077E-005	2.080444E-006	1.159459E-005	6.45034E-006	0.0001164	-3.255325E-005	-1.493897E-005	-0.0014022	0.0003271	7.385013E-006	3.990193E-006	0.0001489	-1.282245E-005	1.30288E-005	2.555113E-006	0.0002776	-0.0001363	-9.392244E-007	-5.955169E-006	-0.0002787	7.330813E-005	-1.108418E-005	-3.880415E-006	-0.00025	9.080395E-005	4.723639E-006	2.000204E-006	7.072836E-005	-2.09827E-005
	40	66	149.6011	58.55183	-41.97567	1	72.04355	-35.63665	-1.772701E-007	3.280644E-005	9	0.0002764	0.0199158	1467.341	0.018953	0.0011312	-0.0122096	0.0218391	0.2011623	1.791312	0.0001753	-8.041229E-005	0.000212	-0.0004068	0.0001273	0.000412	-0.0013409	0.0001565	4.507187E-006	-1.195454E-006	-8.685795E-005	-1.361501E-005	-2.212214E-005	3.098587E-005	-0.0002165	0.0013526	-4.610048E-007	-3.405149E-008	5.744351E-005	3.865827E-005	3.215209E-006	7.578979E-006	0.0002662	0.0001937	4.986941E-006	-5.834802E-006	-3.081909E-005	-0.0002047	1.077524E-005	-1.274995E-006	0.0002106	-0.0001548	-2.042179E-006	-3.382172E-006	-0.0001222	3.76734E-005
	41	67	119.1737	63.73042	-46.08149	1	78.64522	-35.86952	-5.474274E-007	2.919463E-005	9	0.0002518	0.0198026	1467.341	0.0204594	0.0011845	-0.0046228	-0.0223162	-1.322627	-1.20958	-3.899912E-005	-0.0001746	-0.0002585	-0.0002063	-0.0002975	0.0003083	-0.0011861	-0.0006623	-6.413343E-006	3.044654E-006	6.357953E-005	-4.793518E-006	6.360737E-006	3.698433E-005	0.0012038	0.0009082	4.62657E-006	-2.243629E-006	0.000148	-0.0001296	3.043475E-006	-9.072931E-006	-0.0001753	-0.0002003	-1.141813E-006	-5.957999E-006	-0.00024	-0.0001752	-7.405398E-007	7.759023E-006	0.0001597	0.0001752	-4.707746E-007	1.212873E-005	4.568137E-005	0.000136
	42	69	94.69697	81.83875	-47.05774	1	94.40345	-29.89915	-2.547833E-006	8.764153E-005	9	0.0002132	0.0201243	1466.799	0.0242274	0.0001848	0.0048091	-0.008363	0.0002389	-0.9107203	8.668916E-005	2.431916E-005	9.407056E-005	-2.023467E-005	3.010618E-005	-0.0002132	1.636124E-005	5.55322E-005	3.377674E-006	4.555877E-007	4.345551E-006	-3.076915E-005	6.23193E-007	-1.259192E-006	2.617226E-005	6.909913E-005	-5.284391E-006	5.445676E-006	5.30947E-006	3.654393E-005	-3.813068E-006	2.961737E-006	-1.897337E-006	-4.242105E-005	3.488138E-006	4.409536E-006	3.142038E-005	3.897073E-005	-1.407454E-006	4.466507E-006	3.130198E-005	2.962793E-005	-2.667184E-006	1.515189E-006	-3.728889E-005	-1.934241E-005
	43	70	75	89.62195	-52.65256	1	103.9441	-30.43408	-2.446777E-006	8.851083E-005	9	0.0001924	0.0200005	1467.341	0.0256208	0.0001907	0.0044119	-0.0075073	0.0002941	-0.9051175	8.086817E-005	2.837771E-005	4.377449E-006	-1.029379E-005	3.508508E-005	-0.0002027	4.562922E-005	-5.67193E-006	4.017129E-006	6.382816E-006	3.246707E-005	9.26503E-006	-1.412162E-006	-3.40874E-006	-6.396744E-005	1.552107E-005	-2.731686E-007	3.290792E-006	-3.829367E-005	-1.123699E-005	-1.789376E-006	7.543058E-007	9.845709E-006	-5.741488E-005	4.257527E-006	-3.692404E-007	7.131719E-005	-6.066788E-005	-1.799868E-006	4.569752E-006	-2.083497E-005	7.602223E-005	-6.952688E-007	-7.607451E-007	-3.634918E-005	-2.798299E-005
	44	72	54.50581	96.5967	-62.4195	1	115.0092	-32.87001	-2.056799E-006	3.136844E-005	9	0.0001739	0.0199998	1467.251	0.0273208	0.0001494	0.0085413	-0.0132203	9.3095E-005	-1.81018	0.0001549	6.300942E-005	1.239171E-005	3.227092E-005	9.024989E-005	-0.0003853	6.935094E-005	0.0001062	6.089904E-006	1.161597E-005	3.016496E-005	7.081981E-005	-1.458153E-006	-2.182042E-006	-1.832482E-005	6.850268E-005	-1.718021E-006	5.303533E-006	-9.4414E-006	1.554299E-005	-2.075605E-006	1.470151E-006	-2.533442E-005	-0.000111	-2.082525E-007	-8.482385E-007	-7.465343E-005	5.31674E-005	-6.11684E-006	7.627725E-006	3.666303E-005	0.0001187	-4.001632E-006	-1.613939E-006	-8.527586E-005	-2.346421E-005
	45	73	45.95588	91.88683	-70.86017	1	116.036	-37.63826	-1.950874E-006	2.567492E-005	9	0.0001723	0.0199991	1466.889	0.0266015	0.0001583	0.0088851	-0.0128215	-0.0914014	-1.807803	0.0001488	2.762205E-005	3.499445E-006	-2.219566E-005	3.936081E-005	-0.0003842	-2.082624E-005	7.722556E-006	6.002418E-006	5.795278E-006	0.0001029	-2.323429E-005	-3.804497E-006	-3.189293E-006	0.0001313	0.0001091	-7.666969E-007	3.741035E-006	2.142298E-005	0.0001355	-5.267722E-007	2.504236E-006	-4.955475E-005	-4.520926E-005	-6.379051E-007	2.883044E-006	-4.489674E-006	-9.493845E-005	-7.196214E-007	3.788198E-006	-1.07924E-005	8.607854E-005	-1.035056E-006	2.701032E-006	3.056298E-005	3.207359E-006
	46	75	37.5	99.744	-77.95453	1	126.593	-38.00925	-1.750629E-006	2.399935E-005	9	0.000158	0.0199994	1467.431	0.0278485	0.0001232	0.0083827	-0.0115837	-0.0662948	-1.808924	0.0001399	3.728032E-005	4.785392E-005	-1.510924E-005	6.813218E-005	-0.0003645	-6.169012E-005	-2.677608E-005	6.320042E-006	5.361642E-006	4.737545E-005	1.225248E-005	-2.178582E-006	-3.958893E-006	-6.22105E-005	2.583885E-005	-7.403724E-007	3.219346E-006	-2.077781E-006	2.955692E-005	-3.943133E-007	1.885936E-006	-3.382588E-005	5.147804E-005	-5.216062E-007	2.484634E-006	3.025844E-005	-7.334574E-006	-7.558411E-007	2.658846E-006	0.000137	3.252854E-005	-1.27453E-006	1.786852E-006	-8.556085E-005	-5.452871E-005
	47	76	30.04808	109.3804	-86.61827	1	139.5235	-38.37568	-1.879132E-006	2.674246E-005	9	0.0001433	0.0199988	1467.431	0.0291143	0.0001364	0.0078005	-0.0103662	-0.044213	-1.809546	0.0001297	4.755145E-005	7.403549E-005	2.910617E-005	9.183872E-005	-0.0003391	-3.526175E-005	-6.417486E-005	5.482761E-006	6.665663E-006	2.818066E-005	8.948109E-005	-1.820554E-006	-3.996843E-006	-9.698561E-006	0.0001288	-6.568372E-007	4.2022E-006	-3.174903E-005	0.0001034	-4.945688E-007	2.214896E-006	-1.853297E-005	-6.712852E-005	-2.757952E-007	3.333887E-006	7.943832E-006	4.588626E-006	-7.52938E-007	3.641864E-006	8.066371E-005	1.05814E-005	-1.066532E-006	2.344408E-006	-2.823072E-006	2.19213E-005
	48	78	23.91582	119.4338	-96.9077	1	153.8035	-39.05563	-1.68857E-006	2.79939E-005	9	0.00013	0.0199989	1467.431	0.0302471	0.000099	0.0072799	-0.009247	-0.0262624	-1.809906	0.0001194	5.119681E-005	7.046456E-005	5.341983E-005	0.000108	-0.0003131	-8.027978E-005	1.809938E-006	5.863105E-006	6.327016E-006	1.063792E-005	1.675577E-005	-2.891684E-007	-4.673492E-006	-2.24472E-005	-3.64901E-005	-6.884512E-007	3.26103E-006	-3.113202E-005	2.144457E-005	-5.941402E-007	2.464552E-006	-2.561428E-005	-7.874642E-005	-5.69955E-007	2.692832E-006	1.369487E-005	-1.962896E-005	-8.069329E-007	2.619559E-006	-7.229509E-006	-4.681282E-005	-1.210727E-006	1.952238E-006	-2.459262E-005	6.236613E-005
	49	79	18.8253	131.8216	-108.8989	1	170.9851	-39.5604	-1.502116E-006	2.550957E-005	9	0.000117	0.02	1467.431	0.0314883	0.0001016	0.0066905	-0.0082047	-0.0112421	-1.810158	0.0001087	5.356921E-005	8.976879E-005	4.251918E-005	0.0001196	-0.0002864	-1.4388E-005	-3.771494E-005	5.526301E-006	6.165499E-006	2.421846E-005	4.309576E-005	8.766656E-007	-4.923394E-006	-4.220208E-005	-7.01359E-005	-7.070267E-007	3.111359E-006	-6.007358E-005	6.595906E-005	-4.395334E-007	2.80769E-006	-1.347298E-005	-1.843483E-005	-5.460316E-007	2.564662E-006	3.785477E-005	-7.553609E-006	-3.339957E-007	1.697062E-006	-1.266878E-005	-3.885613E-005	-7.697964E-007	1.654924E-006	-3.88336E-005	-4.766568E-006
	50	81	15.02404	144.9662	-121.4493	1	189.1167	-39.95549	-9.786697E-007	2.809712E-005	9	0.0001058	0.0199992	1466.98	0.0327259	5.062276E-005	0.006146	-0.0073375	5.767506E-005	-1.810123	0.0000998	5.057438E-005	1.686625E-006	-3.687369E-006	0.0001257	-0.000264	-2.649135E-005	-1.490532E-005	5.522714E-006	4.142747E-006	1.165841E-005	-2.581105E-005	1.731147E-006	-6.176518E-006	5.203765E-008	1.924002E-005	-1.836525E-007	1.596171E-006	-3.061618E-005	-8.636883E-006	-4.170143E-007	1.409149E-006	4.454283E-005	2.158282E-005	-7.815835E-008	1.206299E-006	2.602604E-005	3.359432E-005	4.758476E-008	6.543123E-007	2.763781E-005	-4.468429E-006	-3.674869E-007	7.209892E-007	1.172419E-005	9.74373E-006
	51	83	11.95791	159.7742	-135.8991	1	209.7531	-40.38349	-8.87521E-007	2.705887E-005	9	0.0000954	0.0200009	1466.889	0.0337549	5.48745E-005	0.005624	-0.0065464	0.0091031	-1.810254	9.050619E-005	5.077199E-005	1.517078E-005	1.258311E-005	0.0001282	-0.0002399	3.49246E-006	2.739059E-005	4.960311E-006	4.173473E-006	-1.227297E-005	4.979956E-007	2.027169E-006	-6.158752E-006	9.282259E-006	-4.213691E-005	-1.355438E-007	1.344208E-006	-2.300693E-005	3.215586E-005	-3.560782E-007	1.145954E-006	7.186318E-006	3.40298E-005	-1.40506E-007	1.00871E-006	2.824375E-005	5.118607E-006	-2.858142E-007	9.277574E-007	-3.739541E-005	-3.726933E-005	-2.937886E-007	7.105991E-007	1.229707E-005	1.300109E-005
	52	85	9.52744	176.2313	-152.0428	1	232.7542	-40.78585	-8.023484E-007	2.703166E-005	9	8.592528E-005	0.0199995	1466.98	0.0346783	4.497823E-005	0.0051324	-0.005843	0.0162553	-1.810074	8.192361E-005	4.996495E-005	1.798442E-005	1.06104E-005	0.0001274	-0.0002173	-2.345454E-005	2.523056E-005	4.638619E-006	4.011342E-006	3.278139E-006	2.730507E-006	2.319786E-006	-5.519095E-006	-2.657296E-005	-5.172043E-006	-1.179724E-007	1.216904E-006	-4.011883E-005	-6.060117E-006	-3.141686E-007	8.571551E-007	-3.190363E-006	-1.439679E-006	-1.234512E-007	9.772048E-007	2.767518E-005	-6.433606E-006	7.814378E-008	5.960173E-007	2.323918E-005	-3.296109E-005	-3.363094E-007	5.430993E-007	1.140114E-005	-5.717274E-006
	53	87	7.524077	195.49	-170.8829	1	259.6485	-41.15756	-6.981706E-007	2.398639E-005	9	7.703076E-005	0.0200009	1466.889	0.035613	3.943847E-005	0.0046522	-0.0051929	0.0221952	-1.810142	7.374025E-005	4.827091E-005	8.51776E-006	4.511799E-006	0.0001247	-0.0001956	-1.91367E-005	-3.690017E-006	4.400034E-006	3.850925E-006	3.180583E-006	-8.927164E-006	2.411201E-006	-5.024126E-006	-9.571902E-006	3.432765E-005	-1.847802E-007	1.116678E-006	-1.520774E-005	1.701096E-005	-1.895314E-007	6.77257E-007	2.962392E-005	2.334497E-005	-8.114877E-008	9.122577E-007	3.993919E-006	-1.668435E-006	-5.156036E-007	9.317882E-007	-1.620094E-006	1.21746E-005	-3.515089E-007	4.736066E-007	-2.672721E-005	2.091631E-005
	54	89	5.98659	216.3687	-191.3866	1	288.8671	-41.49402	-6.297049E-007	2.489358E-005	9	6.923497E-005	0.0199997	1466.889	0.0364099	3.400663E-005	0.0042203	-0.0046322	0.0266958	-1.809971	6.645815E-005	4.632107E-005	1.15037E-005	2.364752E-006	0.0001202	-0.000176	1.355191E-006	8.346338E-006	3.967434E-006	3.728254E-006	2.555351E-005	-1.794295E-005	2.643992E-006	-4.768631E-006	3.361551E-006	2.158828E-005	1.835724E-008	9.623673E-007	-4.916627E-006	-8.025586E-006	-1.227163E-007	8.044462E-007	7.54674E-006	9.861542E-007	-5.999392E-008	8.026818E-007	1.986104E-005	-6.708841E-006	8.756615E-009	5.43123E-007	-5.505514E-006	-2.719497E-005	-3.03553E-007	5.243419E-007	-2.393284E-005	-1.410686E-005
	55	92	4.76372	239.7727	-214.3953	1	321.6462	-41.80182	-5.924593E-007	2.689087E-005	9	6.217968E-005	0.0199999	1466.889	0.0371874	3.253939E-005	0.0038209	-0.004132	0.030333	-1.809927	5.981406E-005	4.389856E-005	5.703245E-006	7.335322E-006	0.0001148	-0.0001583	1.341704E-005	2.35776E-006	3.657929E-006	3.582798E-006	2.821325E-007	9.38162E-006	2.758061E-006	-4.378199E-006	-6.853953E-006	1.170627E-005	-2.246088E-008	8.563093E-007	-3.791246E-005	9.643962E-006	-6.965639E-008	5.204056E-007	1.081411E-005	-2.023793E-006	-1.380431E-007	6.99356E-007	1.45635E-005	4.121976E-007	-9.902943E-008	6.21154E-007	1.826609E-005	-1.631957E-005	-2.664638E-007	4.1356E-007	-2.088864E-005	-5.046838E-006
	56	95	3.76506	266.791	-240.9836	1	359.5143	-42.09046	-5.123115E-007	2.354555E-005	9	5.563086E-005	0.0200001	1466.98	0.0378662	4.014234E-005	0.0034431	-0.0036739	0.0332836	-1.809896	5.351281E-005	4.117899E-005	2.760888E-005	-1.792159E-005	0.0001082	-0.0001415	1.124572E-007	1.487699E-005	3.32377E-006	3.321971E-006	2.217217E-005	-8.325326E-006	2.701217E-006	-3.80884E-006	9.515381E-006	4.419769E-005	-2.902016E-008	8.050411E-007	-6.709598E-006	2.718979E-005	-2.071465E-008	4.242684E-007	-1.475559E-005	-1.077566E-005	-1.776425E-008	6.696864E-007	3.560854E-006	-4.50507E-006	-1.620356E-007	4.389258E-007	1.115986E-005	-7.307915E-006	-2.020424E-007	2.990983E-007	-3.550494E-006	-5.382376E-006
	57	98	3.008665	295.5394	-269.3593	1	399.8725	-42.34654	-3.278968E-007	2.634366E-005	8	5.000873E-005	0.0199971	1466.799	0.0384687	3.444593E-005	0.0031133	-0.0032855	0.0351987	-1.80959	4.819982E-005	3.847789E-005	1.551415E-005	1.301042E-005	0.0001015	-0.0001272	-1.807755E-006	1.674788E-005	3.014913E-006	3.128836E-006	4.069915E-005	1.120535E-005	2.766435E-006	-3.665997E-006	3.661262E-007	2.734319E-006	-3.337119E-008	7.020872E-007	-1.277117E-005	3.195833E-006	-1.231529E-007	4.548456E-007	-5.688112E-006	-5.220501E-006	-8.556891E-008	5.399888E-007	-4.113653E-006	3.10113E-006	-2.229063E-007	4.899302E-007	-1.978711E-006	9.713316E-006	-1.990884E-007	3.101068E-007	-3.220212E-005	2.976885E-006
	58	102	2.38186	329.2655	-302.5312	1	447.1475	-42.57699	-2.83923E-007	2.679024E-005	8	4.472905E-005	0.0200005	1467.251	0.0390671	3.306313E-005	0.0027995	-0.0029244	0.0371113	-1.809857	4.308797E-005	3.56397E-005	2.139626E-005	-1.144799E-006	9.450345E-005	-0.0001137	-1.418148E-005	2.030557E-005	2.685316E-006	2.887789E-006	1.232734E-005	2.429289E-005	2.705769E-006	-3.292545E-006	7.493596E-006	7.227689E-006	1.906665E-008	6.158871E-007	-3.548224E-006	-2.162604E-006	-1.89546E-007	4.679232E-007	-9.542565E-007	2.767064E-005	-5.036419E-008	4.946214E-007	1.897121E-005	-9.272481E-008	-9.99935E-008	3.992791E-007	9.808631E-006	4.40306E-006	-1.627523E-007	2.403613E-007	-1.96317E-005	3.804773E-006
	59	107	1.890121	366.7593	-339.3741	1	499.6871	-42.77907	-2.438049E-007	2.81638E-005	8	4.00257E-005	0.0200003	1466.889	0.0396106	2.509923E-005	0.0025165	-0.002606	0.0385723	-1.809812	3.858139E-005	3.29123E-005	1.438905E-005	-6.502335E-006	8.754333E-005	-0.0001016	-1.328654E-005	-1.066612E-005	2.430967E-006	2.680421E-006	2.205529E-005	1.007294E-005	2.598645E-006	-2.977215E-006	2.511311E-006	5.402457E-006	4.267349E-009	5.639158E-007	-1.021254E-006	-2.448127E-006	-1.417611E-007	3.832001E-007	-5.605981E-006	2.109507E-005	-5.655239E-008	3.827745E-007	1.327245E-005	1.707784E-006	-8.581265E-008	3.531059E-007	-8.86724E-006	-6.140764E-006	-1.330882E-007	2.143061E-007	-1.052261E-005	-3.426366E-006
	60	113	1.502404	408.5045	-380.3586	1	558.1654	-42.9566	-2.063495E-007	2.606461E-005	8	3.583227E-005	0.0200003	1466.799	0.0400737	2.918309E-005	0.0022616	-0.0023245	0.03975	-1.809787	3.451006E-005	3.023247E-005	9.984709E-006	2.127788E-006	8.072628E-005	-9.080042E-005	1.70921E-006	1.542032E-005	2.215507E-006	2.475369E-006	2.249447E-005	3.943511E-006	2.423741E-006	-2.669921E-006	-5.99376E-006	1.342449E-005	-4.423783E-009	4.675858E-007	-1.286471E-005	1.641414E-005	-7.198106E-008	3.174455E-007	-4.369883E-006	1.671055E-006	-4.633331E-008	3.505311E-007	1.426501E-005	-4.018105E-006	-1.11213E-007	3.141104E-007	-2.663175E-006	1.458154E-005	-1.307417E-007	1.699173E-007	-2.286414E-005	-1.700688E-005
	61	119	1.195791	455.0441	-425.9819	1	623.3183	-43.11068	-1.768286E-007	2.649285E-005	8	3.208635E-005	0.02	1466.799	0.0404908	3.379063E-005	0.0020318	-0.002075	0.0406906	-1.809737	3.090115E-005	2.766555E-005	2.058904E-005	-4.688883E-006	7.415203E-005	-8.116744E-005	-1.347275E-005	2.003329E-005	1.977383E-006	2.24088E-006	1.25264E-005	-3.839713E-006	2.303006E-006	-2.414467E-006	-1.80275E-006	2.816055E-005	-6.682968E-009	4.075982E-007	-1.657813E-005	-1.157736E-006	-4.581126E-008	2.865218E-007	-1.108018E-005	2.831707E-005	-3.068635E-008	3.118666E-007	1.525867E-005	2.497691E-007	-9.03292E-008	2.605493E-007	-8.406817E-006	9.872456E-006	-9.805081E-008	1.430499E-007	-1.182751E-005	1.758919E-006
	62	127	0.9486946	508.086	-478.1973	1	697.7278	-43.26422	-2.213335E-007	2.524945E-005	8	2.866496E-005	0.0200003	1467.251	0.0408159	3.748092E-005	0.0018209	-0.0018481	0.0414209	-1.80975	2.752032E-005	2.604291E-005	2.548349E-005	1.020444E-005	6.773924E-005	-7.191392E-005	-5.212264E-006	1.615721E-005	1.718347E-006	2.456078E-006	3.385631E-005	6.296788E-006	2.105678E-006	-1.879207E-006	1.081982E-005	3.012495E-005	-5.934272E-008	6.11728E-007	-1.811725E-005	-6.094198E-007	-7.570453E-008	4.238791E-007	-1.017889E-005	9.341689E-006	-7.284144E-008	4.602698E-007	8.826959E-006	-4.583272E-006	-1.049794E-007	3.410642E-007	2.814981E-006	1.545443E-006	-1.249991E-007	2.734669E-007	-2.683298E-005	-1.581852E-006
	63	134	0.7515633	567.8698	-536.6669	1	781.337	-43.38184	-1.922807E-007	2.414107E-005	8	2.559797E-005	0.0200006	1467.341	0.0411854	2.613553E-005	0.00163	-0.0016465	0.0420463	-1.809763	2.459195E-005	2.360016E-005	1.179264E-005	-3.981943E-006	6.175779E-005	-6.414519E-005	-9.111828E-007	5.769602E-006	1.536855E-006	2.208156E-006	2.248079E-005	4.998219E-006	1.971306E-006	-1.710012E-006	-8.736214E-006	1.639199E-005	-4.159484E-008	5.246534E-007	-1.727999E-005	-8.66229E-006	-5.748189E-008	3.812384E-007	-5.278621E-006	1.965441E-005	-6.107076E-008	3.951718E-007	-4.571747E-006	-6.089395E-007	-7.319614E-008	3.255636E-007	6.562273E-006	3.826979E-006	-1.063654E-007	2.417546E-007	-1.561892E-005	-7.953729E-006
	64	142	0.5978954	633.7619	-600.923	1	873.3629	-43.47647	-1.666309E-007	2.631271E-005	8	2.289947E-005	0.0199996	1466.799	0.0415085	3.54586E-005	0.001461	-0.0014701	0.0425359	-1.809653	2.201636E-005	2.137538E-005	2.116367E-005	2.108754E-006	5.620776E-005	-5.734521E-005	-2.176879E-005	5.364651E-006	1.388655E-006	1.940891E-006	1.048931E-005	6.816263E-006	1.823315E-006	-1.571861E-006	3.213878E-006	2.80087E-005	-2.421985E-008	4.340359E-007	-1.799339E-005	-1.400549E-005	-4.978939E-008	3.129935E-007	3.693742E-006	1.670516E-005	-4.874529E-008	3.143805E-007	1.490297E-005	4.954083E-006	-9.254473E-008	2.807083E-007	6.432063E-006	1.381047E-005	-1.04219E-007	1.809385E-007	-2.935366E-005	-7.775846E-006
	65	152	0.4763719	707.0945	-672.2684	1	975.668	-43.55371	-1.424514E-007	2.560215E-005	8	2.049927E-005	0.0200005	1466.799	0.0417946	2.930366E-005	0.0013099	-0.001314	0.0429066	-1.809728	1.974523E-005	1.931684E-005	1.265033E-005	-5.085124E-006	5.10845E-005	-5.129007E-005	-3.360155E-006	1.119537E-005	1.250997E-006	1.732497E-006	2.055068E-005	2.795685E-006	1.700097E-006	-1.45024E-006	-6.771706E-006	2.828544E-005	-3.396054E-009	3.674918E-007	-1.802022E-005	-4.376781E-007	-1.021726E-008	2.384786E-007	1.422188E-006	4.331014E-006	-2.966954E-008	2.694414E-007	4.186528E-006	6.467395E-006	-6.197116E-008	2.393299E-007	1.432782E-005	-2.987916E-006	-9.329961E-008	1.587787E-007	-2.438226E-005	1.260283E-006
	66	164	0.3780242	790.8089	-753.4479	1	1092.274	-43.61408	-1.237116E-007	2.643927E-005	8	1.831076E-005	0.0200004	1466.799	0.0420581	3.466416E-005	0.0011715	-0.0011723	0.0432023	-1.809711	1.765121E-005	1.742332E-005	9.616546E-006	9.064403E-006	4.624084E-005	-4.579468E-005	-1.145288E-005	7.243798E-006	1.130049E-006	1.534881E-006	1.566682E-005	4.314061E-007	1.553846E-006	-1.314549E-006	-8.429052E-007	3.139528E-005	1.788067E-009	2.948941E-007	-9.953977E-006	-1.916182E-006	-2.141132E-008	1.755702E-007	-6.819669E-006	1.378074E-005	-3.27109E-008	2.205907E-007	2.240844E-005	3.51129E-006	-8.019016E-008	1.839471E-007	-1.922593E-005	8.401956E-006	-8.251665E-008	1.099652E-007	-3.207947E-005	-4.930394E-006
	67	178	0.3004808	884.0635	-843.5635	1	1221.952	-43.65709	-1.062766E-007	2.550887E-005	8	1.636723E-005	0.02	1466.799	0.0422972	3.432693E-005	0.0010481	-0.0010469	0.0434424	-1.80967	1.580196E-005	1.569893E-005	1.938047E-005	1.503064E-005	4.183879E-005	-4.090193E-005	-9.748096E-006	4.627196E-006	1.01113E-006	1.367144E-006	1.812749E-005	1.153172E-005	1.425827E-006	-1.186162E-006	-1.066207E-005	3.816797E-005	-8.622011E-010	2.640281E-007	-1.122675E-005	-1.514927E-006	-3.146852E-010	1.502376E-007	-3.226044E-006	2.29881E-006	-2.50684E-008	1.90018E-007	2.332899E-005	1.079374E-006	-6.176107E-008	1.621802E-007	-5.305979E-006	8.098112E-006	-5.499625E-008	8.092957E-008	-1.596642E-005	-8.547272E-006
	68	196	0.238186	990.791	-946.268	1	1370.07	-43.68328	-9.091251E-008	2.581698E-005	8	1.460499E-005	0.0200092	1466.889	0.0424407	3.057933E-005	0.00087	-0.0009952	-0.0800559	-1.809254	1.585517E-005	1.20299E-005	-3.067078E-006	4.472211E-006	2.941948E-005	-4.336934E-005	-2.708985E-006	1.639855E-005	1.118455E-006	9.1277E-007	1.210626E-005	-1.037523E-005	7.958624E-007	-1.453079E-006	5.764654E-006	3.552058E-005	1.327498E-008	1.944909E-007	-1.649629E-005	6.036717E-006	-1.549142E-008	1.052708E-007	3.061723E-007	5.875598E-006	-2.683919E-009	1.420967E-007	2.45038E-005	1.451815E-006	-3.014429E-008	1.313315E-007	-3.064983E-006	7.590745E-006	-6.637039E-008	9.43819E-008	-1.306343E-005	5.360111E-006
	69	219	0.1890121	1109.237	-1059.836	1	1534.164	-43.69532	-8.086104E-008	2.448178E-005	8	1.303783E-005	0.0200017	1466.889	0.0426136	3.707757E-005	0.0007893	-0.0008772	-0.0543946	-1.809534	1.388597E-005	1.125331E-005	2.800161E-005	2.071585E-005	2.818746E-005	-3.755818E-005	-2.284488E-005	-8.874981E-006	9.711794E-007	8.930265E-007	2.950663E-005	-1.464773E-005	8.26808E-007	-1.257132E-006	7.412629E-006	2.749148E-005	1.239278E-008	1.770084E-007	-1.189718E-005	1.430622E-005	-1.162516E-008	9.533505E-008	-1.350418E-008	1.765322E-006	-1.78452E-008	1.312765E-007	1.354772E-005	2.266606E-006	-4.433697E-008	1.168055E-007	3.961381E-006	3.979716E-006	-5.400399E-008	7.715926E-008	-1.485122E-005	2.37627E-006
	70	246	0.1502404	1241.173	-1185.809	1	1716.582	-43.6932	-7.861561E-008	2.691886E-005	8	1.165214E-005	0.0200016	1466.889	0.0427664	3.563716E-005	0.0007141	-0.0007761	-0.0341827	-1.810013	1.223873E-005	1.038841E-005	4.234887E-005	-1.472164E-005	2.654369E-005	-3.269025E-005	-8.059317E-006	8.070812E-006	8.417019E-007	8.362433E-007	2.03388E-005	-1.455532E-005	8.385305E-007	-1.080556E-006	6.670365E-006	1.61439E-005	2.910383E-010	1.487056E-007	-2.005731E-005	1.013861E-006	-1.599801E-009	9.2665E-008	3.34275E-006	9.300711E-006	-1.181525E-008	1.119752E-007	6.497372E-006	-3.200316E-006	-2.85072E-008	9.995574E-008	-8.811477E-007	3.466324E-006	-4.988216E-008	6.262417E-008	-2.109329E-005	8.952687E-006
	71	280	0.1193355	1390.026	-1328.194	1	1922.569	-43.69691	-1.266248E-007	2.606631E-005	8	1.040302E-005	0.0200004	1466.98	0.0428103	3.516162E-005	0.0006437	-0.0006871	-0.0180082	-1.810136	1.074083E-005	9.928289E-006	1.775939E-005	1.066003E-005	2.463671E-005	-2.830283E-005	-1.176342E-005	1.138664E-005	7.134886E-007	9.718083E-007	2.239179E-005	-5.677547E-006	7.818435E-007	-7.785692E-007	8.901465E-006	3.60953E-005	-7.881682E-009	2.722986E-007	-7.488417E-006	4.031288E-006	-3.319111E-008	1.893243E-007	-8.190983E-006	2.170465E-005	-3.030073E-008	1.894766E-007	1.156202E-005	-1.411187E-006	-4.471623E-008	1.736871E-007	6.091199E-006	5.740847E-006	-5.325274E-008	1.229068E-007	-2.384279E-005	-7.338939E-006
	72	319	0.0946587	1558.221	-1488.39	1	2154.845	-43.68697	-1.659365E-007	2.499561E-005	8	9.281994E-006	0.0200012	1467.431	0.0428405	2.83527E-005	0.0005786	-0.0006091	-0.0051423	-1.81029	9.454991E-006	9.417854E-006	2.319342E-005	-4.786432E-006	2.263158E-005	-2.454283E-005	-7.678988E-006	8.227886E-006	5.936263E-007	1.083612E-006	1.700211E-005	-1.401582E-006	7.208837E-007	-5.30231E-007	1.851469E-006	2.931934E-005	-3.698006E-008	3.666846E-007	-1.367333E-005	-2.869929E-006	-5.03842E-008	2.724105E-007	-1.992215E-006	1.186872E-005	-3.91965E-008	2.603856E-007	1.025735E-005	-2.656423E-006	-5.912535E-008	2.295715E-007	-1.590001E-006	3.103574E-006	-6.990286E-008	1.841172E-007	-1.670211E-005	7.030088E-006
