EXPLAIN
TAG	EISPOT
TITLE	LABEL	Potentiostatic EIS	Test Identifier
DATE	LABEL	2/6/2024	Date
TIME	LABEL	13:08:43	Time
NOTES	NOTES	1	Notes...
	
PSTAT	PSTAT	IFC1010-20135 JB	Potentiostat
VDC	POTEN	0.00000E+000	T	DC Voltage (V)
FREQINIT	QUANT	1.50000E+006	Initial Freq. (Hz)
FREQFINAL	QUANT	1.00000E-001	A Real Number
PTSPERDEC	QUANT	1.00000E+001	Points/decade
VAC	QUANT	1.00000E+001	AC Voltage (mV rms)
AREA	QUANT	1.00000E+000	Sample Area (cm^2)
SPEED	SELECTOR	1	Optimize for:
DRIFTCOR	SELECTOR	0	Drift Correction
THD	SELECTOR	1	THD
ZGUESS	QUANT	1.00000E+002	Estimated Z (ohms)
EOC	QUANT	-3.61446E-005	Open Circuit (V)
SEQUENCER	TOGGLE	TRUE	Run as Sequence
PSTATMODEL	IQUANT	64	Pstat Model
PSTATSECTION	LABEL	IFC1010-20135	Pstat Section
PSTATSERIALNO	LABEL	20135	Pstat Serial Number
CTRLMODE	IQUANT	1	Control Mode
ELECTROMETER	IQUANT	0	RE=0 or CS=1
IESTAB	IQUANT	0	I/E Stability
CASPEED	IQUANT	3	Control Amp Speed
CONVENTION	IQUANT	1	Current Convention
ICHRANGE	IQUANT	2	Ich Range
ICHRANGEMODE	TOGGLE	F	Ich Auto Range
ICHOFFSETENABLE	TOGGLE	T	Ich Offset Enable
ICHOFFSET	QUANT	0	Ich Offset (V)
ICHFILTER	IQUANT	4	Ich Filter
VCHRANGE	IQUANT	2	Vch Range
VCHRANGEMODE	TOGGLE	F	Vch Auto Range
VCHOFFSETENABLE	TOGGLE	T	Vch Offset Enable
VCHOFFSET	QUANT	0	Vch Offset (V)
VCHFILTER	IQUANT	4	Vch Filter
IERANGELOWERLIMIT	IQUANT	4	I/E Range Lower Limit
IERANGEMODE	TOGGLE	F	I/E AutoRange
IERANGE	IQUANT	11	I/E Range
ACHSELECT	IQUANT	0	Ach Select
ACHRANGE	IQUANT	2	Ach Range
ACHOFFSETENABLE	TOGGLE	F	Ach Offset Enable
ACHOFFSET	QUANT	0	Ach Offset (V)
ACHFILTER	IQUANT	1	Ach Filter
SENSECABLEID	IQUANT	13	Sense Cable ID
PWRCABLEID	IQUANT	13	Power Cable ID
DCCALDATE	LABEL	1/30/2024	DC Calibration Date
ACCALDATE	LABEL	1/10/2018	AC Calibration Date
FRAMEWORKVERSION	LABEL	7.10.3	Framework Version
INSTRUMENTVERSION	LABEL	4.91	Instrument Version
COMMVERSION	LABEL	3.10	Communications Version
CPUPLDVERSION	LABEL	2.22	CPU PLD Version
CTRLPLDVERSION	LABEL	0.00	CTRL PLD Version
PSTATPLDVERSION	LABEL	0.00	PSTAT PLD Version
ZCURVE	TABLE
	Pt	Time	Freq	Zreal	Zimag	Zsig	Zmod	Zphz	Idc	Vdc	IERange	Imod	Vmod	Temp	Ithd	Vthd	IHr1	IHi1	VHr1	VHi1	IHr2	IHi2	VHr2	VHi2	IHr3	IHi3	VHr3	VHi3	IHr4	IHi4	VHr4	VHi4	IHr5	IHi5	VHr5	VHi5	IHr6	IHi6	VHr6	VHi6	IHr7	IHi7	VHr7	VHi7	IHr8	IHi8	VHr8	VHi8	IHr9	IHi9	VHr9	VHi9	IHr10	IHi10	VHr10	VHi10
	#	s	Hz	ohm	ohm	V	ohm	°	A	V	#	A	V	°C	#	#	A	A	V	V	A	A	V	V	A	A	V	V	A	A	V	V	A	A	V	V	A	A	V	V	A	A	V	V	A	A	V	V	A	A	V	V	A	A	V	V
	0	4	1500059	4.483863	0.696474	1	4.537632	8.829141	1.239274E-005	-0.0003367	10	0.0020449	0.0100416	1466.799	0.0024009	0.0027247	-0.1554099	0.1005158	-0.5449082	0.7273971	0.0001771	0.0003456	0.0022918	0.0003195	0.0001909	2.13747E-005	0.0004798	-0.0005833	-1.733797E-005	-1.892305E-005	-0.000109	-0.0001465	-2.630125E-005	-2.461887E-005	3.031921E-005	-8.406351E-005	-1.053838E-005	-3.035442E-005	-0.0001021	-0.0003127	-2.854248E-005	-3.008579E-005	9.064237E-005	-7.600245E-005	-1.538056E-005	1.34838E-005	-8.371008E-005	-0.0001187	4.489208E-005	-2.873351E-005	2.263952E-005	-6.906456E-005	3.511109E-005	2.369168E-005	5.62612E-005	0.0001209
	1	6	1191504	4.438786	0.5423155	1	4.471792	6.965678	1.209525E-005	-0.0002332	10	0.0027134	0.0127297	1467.07	0.0027954	0.0031394	-0.1884086	-0.1575368	-1.05014	-0.4740141	-0.0005022	-0.0004305	-0.0034932	-0.0001822	-0.0001355	-9.377198E-005	-0.0005188	0.0002364	-3.561616E-005	-2.267352E-007	-0.0001384	-1.318532E-005	-2.174279E-005	-2.626035E-005	-0.0003523	0.0001501	-2.981224E-005	1.589712E-005	-0.0001955	6.773416E-005	9.188901E-006	-3.798175E-005	-0.0002933	-4.469837E-005	5.080743E-006	1.137075E-005	-0.0001775	3.111432E-005	9.50952E-006	3.339876E-006	7.893879E-005	0.0002979	-3.545116E-005	6.209761E-006	-0.000311	4.340522E-005
	2	7	946464.9	4.412316	0.3969072	1	4.430131	5.140172	1.872357E-005	-0.0001681	10	0.0027542	0.0125644	1467.612	0.0022807	0.0023941	-0.2247906	-0.1077484	-1.107873	-0.2566108	-0.0004818	-0.0002192	-0.0025545	0.0002215	-0.0001282	0.0001399	-0.0003222	0.0005156	1.005217E-005	-3.252645E-005	0.0001972	-0.000221	-3.008847E-005	1.714582E-005	-0.0002009	0.000115	-9.3875E-006	2.866518E-005	0.0001298	-3.686641E-005	-2.070225E-005	3.939122E-005	-0.0000951	0.0002931	-9.987737E-006	7.646624E-006	-0.0001524	5.3528E-005	-3.220413E-006	8.119736E-006	-0.000218	0.000129	-3.121723E-005	-2.413802E-005	-0.0003514	1.44979E-005
	3	9	751816.4	4.391271	0.2667759	1	4.399367	3.476527	1.08808E-005	-0.0001465	10	0.0028097	0.0125862	1466.98	0.0015981	0.0016195	-0.2421683	-0.0776115	-1.130004	-0.1442501	-0.000378	-8.300774E-005	-0.0017554	0.0001786	-6.02461E-005	8.408003E-005	-0.0001097	-4.614006E-005	2.129271E-005	2.460842E-005	0.0001312	0.0001698	1.643202E-006	-1.570839E-005	-8.88249E-005	7.085875E-005	-1.629349E-005	-3.153985E-005	-0.0001818	-0.0001072	-1.555102E-005	-2.120703E-005	-0.0001035	-4.086062E-005	-4.300034E-006	2.475572E-006	0.0001769	-0.0001566	7.459836E-006	3.618654E-005	0.0001038	0.0001558	-2.017478E-007	-5.072624E-006	0.0000988	0.0002441
	4	10	597246.1	4.378791	0.1547382	1	4.381525	2.023882	1.804044E-005	-0.0001089	10	0.0028477	0.012618	1467.612	0.0012532	0.0012393	-0.1980543	-0.1649427	-0.981439	-0.5840084	-0.0001852	-0.0002086	-0.0008408	-0.0006683	-9.225496E-005	-0.0001134	-0.000529	-0.0005786	2.091425E-005	-3.783447E-005	-0.0001304	-0.0002228	-2.214755E-005	2.339273E-005	-4.814566E-005	-0.0001464	1.862971E-005	2.310216E-005	1.890911E-005	0.0001798	-1.425622E-006	-1.560117E-005	1.21491E-005	7.170206E-005	-1.143944E-005	-1.896254E-005	0.0001144	-4.286413E-005	-1.001463E-005	2.083322E-005	-0.0002315	5.342066E-005	4.235655E-006	-8.113683E-006	0.0001194	0.0001447
	5	12	474433.6	4.3791	0.0380859	1	4.379266	0.4983003	1.04963E-005	-0.0001264	10	0.0028564	0.0125966	1466.98	0.0009341	0.000914	0.0288085	-0.2569175	-0.0371623	-1.139512	0.0002018	-0.0001009	0.0008076	-0.000411	2.273283E-005	3.342098E-005	-6.542938E-005	8.632988E-005	-4.549977E-005	8.29791E-006	-0.0001045	0.000237	1.568726E-005	-1.311116E-005	4.009716E-005	-0.0002025	1.563877E-005	-7.02357E-006	-8.245931E-005	4.01726E-005	-1.419045E-005	3.499677E-005	-0.0001627	0.0001843	1.910375E-005	-1.067529E-007	-4.774892E-005	-1.578266E-005	2.570776E-005	3.057066E-007	-5.338901E-005	-2.895296E-005	2.026092E-005	8.364092E-006	5.226582E-006	0.0002613
	6	13	376816.4	4.383067	-0.0679827	1	4.383594	-0.8886039	8.155836E-006	-0.0001956	10	0.0028722	0.0126457	1467.612	0.001007	0.0010949	0.1803882	-0.1871854	0.6743723	-0.9247901	0.0001098	0.0001805	0.0006776	0.0005842	-5.714713E-006	-0.0001152	0.0001886	-0.0004168	3.797421E-005	4.202529E-005	0.0002	3.152434E-005	7.057155E-006	-7.741923E-005	-6.054413E-005	-0.0004986	-6.842428E-006	-1.64691E-005	-9.267871E-005	-0.0001988	1.001114E-005	-8.785865E-006	6.683264E-005	0.0001083	6.984919E-006	2.458692E-007	0.0001838	-0.0002587	1.486566E-005	-2.031727E-005	-9.669458E-006	-0.000319	1.205713E-005	-2.522836E-006	-1.113582E-005	2.296129E-005
	7	15	299355.5	4.392385	-0.1743598	1	4.395844	-2.273216	3.350131E-006	-0.0002121	10	0.0028802	0.012696	1467.341	0.0009994	0.0010594	-0.0593335	0.2538474	-0.1074273	1.144078	0.000157	-4.588604E-005	0.0006917	-0.0001336	0.0001756	5.373498E-006	0.0007594	0.0001619	2.748752E-005	-4.504482E-005	-0.0001631	-1.601968E-005	4.675146E-005	-4.957105E-005	0.0002049	-0.0003672	-7.033349E-006	-1.613575E-006	-7.960946E-005	-6.454113E-005	1.546764E-005	2.393045E-005	0.0002586	-6.499003E-005	-1.947361E-005	3.447291E-006	-0.0002546	-2.167747E-005	-1.358538E-005	-1.242105E-005	-0.0001513	-7.078704E-005	3.140513E-005	1.5578E-005	-3.97144E-005	-5.178248E-005
	8	16	237832	4.40482	-0.2831614	1	4.413912	-3.678166	3.566103E-006	-0.0002255	10	0.0028738	0.0127068	1467.161	0.00126	0.0012617	0.1855708	0.1822639	0.9254072	0.6828806	-0.0001138	-0.0001061	-0.000618	-0.0003387	-0.0002222	-0.0001452	-0.0009718	-0.0006353	-4.329277E-005	3.037066E-005	5.42691E-005	3.748853E-005	3.349339E-005	7.310754E-005	0.0003112	5.234685E-005	1.749574E-005	1.804507E-005	0.0001225	7.57724E-005	4.748045E-005	5.967158E-006	9.089895E-005	-0.0001701	1.384155E-005	-9.685756E-008	0.0002773	4.158262E-005	9.488547E-006	-9.916957E-006	-0.0001367	-1.680479E-005	1.352886E-005	-1.362991E-006	3.966037E-005	-7.332304E-006
	9	18	188847.7	4.42243	-0.4074128	1	4.441157	-5.263471	7.862686E-006	-0.0002279	10	0.0028697	0.0127588	1467.612	0.0017955	0.0016221	-0.2518425	0.0635525	-1.06374	0.4494508	-0.0001036	0.0001153	-0.0003419	0.0005539	-0.0001705	-0.0003844	-0.000782	-0.0014832	4.972005E-005	-3.039307E-005	0.0002763	-8.785685E-005	4.902203E-005	7.508358E-005	4.405767E-005	0.0001241	-6.963966E-007	2.847036E-005	0.0001451	9.827723E-006	-4.134117E-005	-4.45475E-005	-0.0002187	-0.0001022	-7.169555E-006	-5.624927E-006	8.884264E-005	-0.0001009	-1.290522E-005	1.817895E-005	-0.0001808	4.258007E-006	-1.153241E-005	-3.996539E-007	-4.818801E-005	-0.0001997
	10	19	150058.6	4.445305	-0.5444488	1	4.478522	-6.982654	3.369123E-006	-0.0002411	10	0.0028558	0.0127987	1467.522	0.0025195	0.0020166	-0.2117637	0.1482157	-0.8228965	0.8153154	-4.463411E-005	0.0001774	-0.0002565	0.0006138	-0.0004203	-0.0004219	-0.0014254	-0.0015596	1.078937E-005	-4.089468E-005	-6.757957E-005	-0.0001423	0.0001186	0.0001221	0.0002486	0.0004525	3.038044E-005	2.373231E-005	0.0001851	2.905517E-005	-5.472732E-005	-3.362541E-006	-0.0001172	-3.249153E-005	-5.028444E-006	-3.043097E-007	-2.729055E-005	-0.0002945	7.368159E-006	-1.486018E-005	-0.0001626	-6.814721E-005	1.255842E-005	1.56695E-005	0.000293	-7.11945E-005
	11	20	119238.3	4.473621	-0.7020625	1	4.528375	-8.918901	3.561967E-006	-0.0002445	10	0.0028394	0.0128634	1467.612	0.002818	0.0024918	-0.1125213	0.23105	-0.2984161	1.12537	1.92211E-005	0.0001846	6.914372E-005	0.0005564	-0.0005046	-0.0004242	-0.002049	-0.0015684	-6.764057E-005	-7.283107E-005	-0.0003493	-0.0005447	0.0001825	4.538843E-005	0.0007537	0.0001842	-2.804608E-005	3.998633E-006	-0.0001312	0.0002078	-6.656198E-005	-2.362207E-005	-0.0005037	-0.0001181	-2.743909E-007	-1.016841E-005	-3.199886E-005	-2.032891E-005	6.088126E-005	-1.077796E-005	0.0002804	0.0001133	1.833914E-005	9.201322E-006	-3.766921E-005	-2.968754E-005
	12	22	94746.09	4.50965	-0.8908156	1	4.596792	-11.17409	3.041683E-006	-0.0002517	10	0.0027613	0.0126967	1466.98	0.0015119	0.001409	-0.1916651	0.1604001	-0.6940912	0.9158869	-1.790791E-005	7.49793E-005	0.0001053	8.010608E-005	7.126117E-006	0.0003244	3.664754E-006	0.0014038	-1.101122E-005	-2.533825E-005	0.0001083	-0.0002433	0.0001234	0.0001064	0.0004069	0.000436	-1.025339E-005	-9.408789E-006	8.367468E-006	-3.078976E-005	4.444519E-005	3.078363E-006	0.0002047	-5.214057E-005	1.887209E-006	4.390895E-007	1.676614E-005	-0.0001114	2.158643E-005	-1.65869E-005	0.0003381	8.991919E-007	-1.008251E-005	3.460003E-005	5.823153E-005	0.000176
	13	23	75292.97	4.551604	-1.099597	1	4.682544	-13.58154	2.444078E-006	-0.0002567	10	0.0026412	0.0123696	1467.612	0.0005321	0.0007442	0.2254929	-0.079368	0.9242278	-0.631854	-2.70016E-005	7.258658E-005	0.0003442	0.0004005	7.040077E-005	2.883235E-005	0.0004032	-1.088996E-005	-3.642636E-007	-5.641953E-006	-2.074754E-005	3.296603E-005	-1.411862E-005	-3.952511E-005	-0.0001502	-0.0003074	1.374012E-005	-1.316192E-005	-2.075732E-005	-0.0001571	-5.421433E-006	3.633299E-005	0.0001192	0.0001747	1.307123E-005	-5.991199E-006	-5.776995E-006	6.191432E-006	6.261165E-006	2.139085E-005	4.600594E-005	0.0001895	1.368136E-005	7.525086E-007	-6.669947E-005	-0.0001472
	14	25	59824.22	4.615112	-1.384223	1	4.81823	-16.69571	6.808814E-006	-0.0002491	10	0.0025423	0.0122507	1466.98	0.0005204	0.0007795	-0.2209832	0.0641342	-0.9194443	0.6197318	-4.329976E-005	7.249368E-005	0.0004128	0.0002405	-5.219715E-005	-5.122275E-008	-0.0002543	-1.42525E-005	-3.768132E-006	-9.949553E-006	-4.818478E-005	-0.0003979	4.948629E-005	9.756302E-006	0.0002889	0.0002107	1.014909E-006	1.314934E-005	0.000171	-1.527649E-005	1.672411E-005	3.890367E-006	4.974101E-005	0.000287	-3.094459E-005	3.107125E-006	-7.828047E-005	5.670357E-005	6.79685E-006	8.719275E-006	5.846936E-005	-1.150929E-005	-7.311E-006	-1.474633E-005	-0.0001091	-0.0001622
	15	26	47519.53	4.692883	-1.712601	1	4.995614	-20.04884	6.51391E-006	-0.0002522	10	0.0023582	0.0117813	1467.703	0.0006331	0.0007592	-0.1864252	-0.1039261	-1.055378	-0.1523554	-8.443344E-005	-6.390047E-005	-0.0003594	0.0005853	-2.227214E-006	-6.379136E-005	-0.0002131	-0.0002224	-1.689144E-005	1.149706E-005	-7.129229E-005	3.082491E-005	-3.066986E-005	-1.538501E-005	-7.035002E-005	-8.529798E-005	1.22751E-005	4.331119E-006	0.0001399	-5.133893E-005	-6.847136E-006	1.213832E-005	-7.313631E-005	-4.694239E-005	-1.737863E-007	-1.994848E-005	-0.000124	-2.075266E-005	1.087918E-005	-2.137383E-005	-3.561984E-005	-8.763979E-006	-3.307091E-006	5.687129E-006	-0.0001306	8.106232E-005
	16	28	37792.97	4.792514	-2.10814	1	5.23569	-23.74382	2.262246E-006	-0.00026	10	0.0021491	0.0112524	1466.98	0.0009802	0.0009064	0.1938454	0.016094	0.95888	-0.3432068	-0.000161	5.116127E-005	-2.000853E-005	0.0007601	6.212993E-005	-2.443814E-005	0.0002745	2.118293E-005	1.04208E-005	-1.741806E-006	0.0002366	3.236067E-005	-4.319592E-005	-2.271473E-005	-0.0001655	-0.0001231	-2.801389E-006	-1.541339E-006	5.040097E-005	-0.0001228	-1.340764E-005	1.375098E-005	-7.306506E-005	0.0001382	-3.858587E-006	1.105852E-005	-0.0002268	-3.339537E-005	8.031959E-006	-9.441051E-006	-5.35911E-005	3.389549E-005	1.424528E-005	-1.671608E-006	1.211651E-006	-1.016632E-005
	17	29	29941.41	4.926085	-2.599334	1	5.569816	-27.81915	2.500286E-006	-0.0002575	10	0.0019246	0.0107202	1467.612	0.0013584	0.0012349	-0.0290811	0.1717535	0.3120509	0.9187293	0.0001979	-6.565261E-006	0.0003576	-0.0008852	-6.629644E-005	-8.883245E-005	-0.0002295	-0.000297	3.342767E-005	2.000821E-005	0.0001193	-3.223448E-005	-1.394662E-005	-3.949039E-005	-0.0001003	-0.0002131	-7.635973E-006	-6.580814E-007	-0.0004004	-0.0000957	-7.084979E-006	-9.401615E-006	0.0001663	0.0002388	1.517416E-006	4.14715E-007	-7.082081E-005	2.834713E-005	-8.766017E-006	-2.755705E-005	-0.0001938	-2.457085E-005	8.232717E-006	1.057013E-005	5.994621E-005	-0.0001041
	18	31	23847.66	5.104925	-3.184964	1	6.016997	-31.96005	2.311177E-006	-0.0002587	10	0.0017041	0.0102539	1467.522	0.0019659	0.0014348	0.1435493	-0.0564245	0.5473807	-0.7494715	-0.0002127	0.0001681	0.000674	0.0006405	-9.374273E-005	-6.865549E-005	-0.000695	-0.0004393	3.411846E-006	-1.006498E-005	0.0002291	-3.981312E-005	3.637973E-005	-4.667379E-005	-8.192846E-006	-0.0002595	9.576717E-006	2.693212E-005	-6.944035E-005	0.0001352	5.197229E-006	1.276038E-005	8.198363E-005	4.897127E-005	-1.183976E-005	7.113988E-006	-9.816607E-006	-8.371404E-005	8.613773E-006	-2.54222E-008	0.0002412	2.444908E-005	-2.711295E-006	6.155009E-006	5.529006E-005	-0.0000996
	19	32	18925.78	5.351755	-3.902863	1	6.623716	-36.10207	2.617053E-006	-0.0002577	10	0.0015055	0.0099718	1467.612	0.002653	0.0015372	0.1350624	-0.0180114	0.6487278	-0.6274864	-0.0003249	-6.840274E-006	0.0001205	0.0010131	-8.350798E-005	-0.0000999	-0.0004971	-0.0003628	-1.726789E-005	4.308764E-006	-0.0003279	-1.435587E-005	7.100101E-005	-3.562461E-005	0.0003206	-0.0004061	-4.356262E-007	1.284131E-005	-4.949515E-006	0.0001741	1.727615E-005	2.098328E-005	6.18482E-005	0.0002759	-8.588425E-006	-6.908785E-006	4.064385E-005	-7.418358E-005	-2.068468E-005	-3.204915E-006	-7.393142E-005	6.536953E-005	-3.997034E-006	1.480337E-006	3.003719E-005	-3.895537E-005
	20	33	15058.59	5.694536	-4.750569	1	7.415905	-39.83597	2.604367E-006	-0.0002564	10	0.0013259	0.0098324	1467.612	0.0033084	0.0016652	-0.0665179	-0.0998795	-0.8544922	-0.2486398	0.0002835	-0.0002258	-0.0005934	-0.0008753	-7.576997E-005	-0.0001013	-0.0006276	-0.0005282	-3.495604E-006	-3.121968E-006	-0.0001656	-3.849111E-005	2.642639E-005	8.125725E-005	0.0003107	0.000332	3.163121E-005	1.973018E-005	0.0002385	-7.234515E-006	1.708278E-006	1.612934E-007	-7.562899E-005	-0.0002719	1.233304E-006	-7.936179E-006	9.792857E-006	-5.280041E-005	-3.010326E-005	2.285771E-005	-4.377217E-008	3.797933E-006	6.690389E-007	5.20685E-006	-1.973938E-005	0.0001717
	21	35	11863.43	6.19416	-5.790683	1	8.479364	-43.07183	-3.610376E-006	-0.0001569	10	0.0011545	0.0097898	1466.98	0.0042238	0.0016416	0.0238685	0.1017343	0.7388293	0.4891329	0.0003691	0.0001451	0.000119	-0.0008973	-4.056755E-005	0.0001297	0.0002408	0.0007696	-2.788264E-006	8.015602E-006	-0.0001945	0.0000951	0.0001262	-3.857912E-005	0.0004278	-0.0002608	7.908558E-006	2.641056E-006	0.0003045	-0.0001156	-2.032926E-005	-6.255345E-006	-0.0003826	7.015932E-005	-1.290048E-005	-2.28337E-006	-0.0001449	-0.000106	-1.144433E-005	1.277629E-005	-4.050043E-005	0.0002234	-2.067699E-005	-1.245465E-005	7.808954E-005	-3.234717E-005
	22	36	9432.87	6.849329	-6.949679	1	9.75763	-45.41666	2.017402E-006	0.0001332	10	0.0010043	0.0098004	1467.703	0.0048435	0.0013894	0.0902513	0.0108651	0.6924412	-0.5543919	-6.498579E-005	-0.0003904	-0.0006902	0.0002741	-4.028171E-005	-0.000138	-0.0004678	-0.0005021	8.39359E-006	-6.366755E-007	0.0001078	6.329687E-005	0.0001112	-5.23842E-005	0.0004799	-0.0004346	-3.828137E-007	3.714242E-006	-5.661837E-005	-6.86287E-005	9.135782E-006	2.534171E-005	5.923118E-005	0.0001651	-3.360963E-006	5.607144E-006	-5.225768E-005	0.0000999	-2.108504E-005	8.324541E-006	-6.617793E-005	-7.292955E-006	4.679957E-006	-6.888274E-006	2.434314E-005	-7.263851E-005
	23	38	7558.594	7.686728	-8.201882	1	11.24085	-46.85704	-3.093454E-006	5.140945E-005	10	0.0008762	0.0098495	1466.889	0.0055103	0.0013989	-0.0747326	0.0265394	-0.3553003	0.8176157	-0.0002741	-0.0002748	-0.0001518	0.0005102	0.000132	1.606233E-005	0.0006076	-0.0004069	5.422859E-006	-2.455257E-006	-5.353569E-005	0.000146	0.0001379	4.763063E-005	0.0008113	-9.03993E-005	1.819804E-006	-2.520305E-006	2.39159E-005	-4.142978E-005	1.604843E-005	1.399353E-005	-2.800627E-005	9.340292E-005	1.395866E-005	-7.22104E-006	0.0001139	3.621553E-005	-7.440919E-006	1.550588E-005	6.033434E-005	-3.838796E-005	-1.744018E-005	3.133144E-006	-3.487199E-005	-0.0001197
	24	39	5960.648	8.85898	-9.65844	1	13.10599	-47.47213	2.160597E-006	0.0001325	10	0.0007525	0.0098629	1467.251	0.0056797	0.0013098	0.0418763	-0.0537178	-0.149113	-0.8801458	-0.0003344	4.397612E-005	0.000243	0.0002999	4.291185E-006	0.000133	0.0005962	0.0005509	-1.201977E-005	1.371489E-006	5.124277E-005	7.140636E-005	6.985967E-005	0.0001021	0.0006551	0.0002248	1.24072E-005	1.830177E-005	3.610738E-006	1.729373E-005	3.048562E-005	4.818779E-006	0.0001306	-7.872378E-005	7.489813E-006	1.745709E-005	8.450914E-005	7.238612E-005	2.094571E-005	-1.982646E-005	-3.548747E-006	-0.0001418	8.461066E-007	1.052843E-005	5.731173E-005	0.0001107
	25	41	4746.094	10.27408	-11.13089	1	15.14772	-47.29225	-3.057309E-006	5.09525E-005	10	0.0006563	0.0099422	1467.522	0.0060696	0.0013946	0.0186979	0.0563858	0.8201593	0.3702571	5.804213E-005	0.0002858	3.577024E-005	-0.0002748	-6.192027E-005	0.0001426	0.0003641	0.0007439	-1.177122E-005	2.028831E-005	1.502503E-005	-5.888754E-006	8.879148E-005	-0.000097	0.000175	-0.0007869	-1.938484E-005	4.688627E-006	-5.214616E-005	6.12773E-005	-2.920535E-005	4.426431E-006	-0.0001198	0.0001899	2.742518E-005	9.472715E-007	0.0001614	-1.618872E-005	2.741287E-005	7.75751E-006	0.000235	-3.482123E-005	6.719114E-006	8.336967E-006	0.0001133	0.000097
	26	42	3761.574	12.01644	-12.64363	1	17.44294	-46.45691	1.939248E-006	0.0001321	10	0.0005703	0.0099481	1466.98	0.0064819	0.0013047	-0.0510124	0.0078917	-0.5127011	0.7401701	8.477038E-005	-0.0002704	-0.0001792	-8.605131E-006	4.799874E-005	0.0001106	0.0007836	0.0002102	2.497342E-006	-1.418777E-005	-2.523279E-005	-1.543597E-005	-3.503811E-005	0.0001148	0.0002746	0.0007051	-3.785012E-006	9.508178E-006	4.881201E-005	-0.0001127	-3.710303E-005	-4.235685E-006	-0.000206	3.57097E-005	7.934519E-006	3.515743E-006	3.419211E-005	-3.482589E-005	-2.61392E-005	-1.083768E-005	-0.0001807	-9.126124E-005	-5.258947E-006	9.721902E-006	-7.22115E-005	9.374251E-005
	27	43	2993.223	14.01874	-14.08721	1	19.87397	-45.13959	1.512803E-007	0.0001302	9	0.0005161	0.0102579	1467.522	0.0069029	0.0016385	0.0062361	0.046298	0.7397567	0.5610307	-0.0001428	0.0002274	0.000525	8.778647E-005	-0.0001224	4.00439E-005	-8.445001E-005	0.0010063	-8.887627E-006	6.678587E-006	4.127761E-005	4.043477E-005	0.0001206	1.389402E-006	0.0008092	-0.0004825	-6.179588E-006	-8.622593E-006	2.93781E-005	5.970144E-005	-1.033385E-005	-2.526664E-006	-0.0002843	-3.882056E-005	-5.3716E-006	1.205655E-005	-0.0001109	6.530061E-005	-8.323798E-006	1.235236E-005	-0.0001179	5.505932E-005	3.917201E-006	8.902571E-007	1.248904E-006	1.038238E-005
	28	45	2372.685	16.28673	-15.5015	1	22.48453	-43.58497	2.63708E-007	0.0001292	9	0.000439	0.0098716	1466.799	0.0065475	0.00148	0.0231362	0.0323076	0.8776603	0.1673872	2.70748E-005	0.0002053	0.0001558	-7.639081E-005	-9.593788E-006	0.0001041	0.0008614	0.0002997	2.78138E-006	3.483408E-006	1.596555E-005	-2.646702E-005	-3.933973E-005	-0.0001052	-0.0008192	-0.0004189	3.398687E-006	1.043081E-005	-1.498731E-006	7.968885E-005	1.422431E-005	2.006118E-005	0.0001071	5.243556E-005	-8.838631E-006	-1.015823E-005	-3.436954E-005	-3.109686E-005	-2.054672E-006	-1.246737E-005	5.715131E-005	-0.0000972	-4.392249E-006	1.203493E-005	4.011719E-005	4.745135E-005
	29	46	1886.433	18.70948	-16.82282	1	25.16052	-41.96062	-9.955238E-008	5.817506E-005	9	0.0003941	0.0099152	1467.431	0.0059314	0.0015182	0.0264031	-0.0239807	0.0904432	-0.8928546	-2.369337E-005	-0.000168	-0.0001607	7.455959E-005	-8.410867E-005	-8.675416E-006	-0.0001821	0.0008861	3.138266E-006	-4.972521E-006	-1.558662E-005	-0.0001047	-6.709034E-005	5.641E-005	-8.103252E-005	0.0009196	-5.487237E-007	1.849381E-006	-6.845967E-005	1.404434E-005	-8.842967E-006	1.507372E-005	0.0001092	0.0001777	-1.635379E-005	-1.043051E-005	-0.0002319	8.614175E-005	-5.471085E-006	1.831169E-005	1.118565E-005	0.0001542	-7.83743E-006	2.065615E-006	-2.768077E-005	9.435462E-005
	30	48	1506.696	21.2185	-18.07002	1	27.87024	-40.41825	-7.95261E-008	5.892014E-005	9	0.0003571	0.0099534	1467.07	0.0058778	0.0013457	0.0257011	-0.0196035	0.1910053	-0.880398	3.936805E-005	-0.0001383	-1.138915E-005	4.12995E-006	-7.215629E-005	-4.947577E-005	-0.0004337	0.0006082	2.335146E-007	-5.136827E-009	5.317898E-005	-2.322253E-005	-7.686419E-005	3.233195E-006	-0.0006034	0.000653	6.134365E-006	-9.361015E-006	-4.391094E-005	-0.0001238	-1.786076E-005	-5.011439E-006	-4.698617E-005	0.0001605	-3.669048E-007	-1.955284E-005	-5.87823E-005	-0.0001335	-2.735273E-005	-5.291696E-006	-0.0001615	0.0001353	6.646398E-006	-1.326152E-005	7.081218E-005	-4.291629E-005
	31	49	1185.994	23.99722	-19.37699	1	30.84371	-38.91977	1.631017E-007	0.0001307	9	0.0003224	0.0099439	1467.07	0.0055975	0.0013498	0.0211009	0.0201548	0.8969101	0.0747096	-3.09841E-005	0.0001243	-0.0002039	3.232667E-005	-2.903922E-005	6.565382E-005	0.0006629	0.0002298	3.580324E-006	5.507434E-006	-7.899572E-005	1.521641E-005	-4.42525E-005	-4.743879E-005	-0.00091	-3.286499E-005	1.634471E-007	2.022418E-006	0.0001458	3.014866E-005	7.60195E-006	1.154616E-005	0.0001347	1.881318E-005	-1.122353E-005	-1.260909E-005	-0.0001693	-0.0001511	-8.317148E-006	-1.550403E-005	-7.259567E-005	-2.981222E-005	2.869987E-006	8.724397E-006	8.307723E-005	6.78096E-006
	32	51	948.6607	26.67019	-20.6357	1	33.72137	-37.73043	-1.025063E-006	5.299401E-005	9	0.000296	0.0099801	1467.431	0.0053692	0.0012375	0.0186136	0.0192634	0.8939518	0.1295906	-5.448512E-005	0.0000984	-0.0001221	3.193412E-005	-4.444694E-005	4.665038E-005	0.0006899	0.0002009	6.771588E-006	1.727094E-006	8.807611E-005	4.044501E-006	-2.244796E-005	-4.732546E-005	-0.0007719	-8.127839E-005	4.680624E-007	1.352164E-006	0.0001077	0.0001225	1.084403E-005	1.266779E-005	0.0001953	2.348889E-005	2.986606E-006	-7.646465E-006	-0.0000957	-5.666074E-005	-5.923897E-006	-1.441149E-005	-6.032433E-005	-0.0001464	5.771872E-007	2.242744E-005	8.64733E-006	6.593391E-005
	33	52	752.3148	29.53703	-22.04694	1	36.85789	-36.73829	1.79895E-007	0.0001298	9	0.0002711	0.0099924	1466.889	0.0043819	0.0011947	0.0242235	-0.0039143	0.6291569	-0.6497064	7.5018E-005	2.591778E-005	-2.599677E-005	0.0001824	5.595759E-005	-9.920158E-006	-0.0006324	-0.0003946	-1.102468E-006	-4.982824E-006	-9.162911E-005	-4.104503E-005	3.994833E-005	-1.295811E-005	0.0002486	-0.0006548	-7.513402E-006	2.280823E-006	0.0000979	-7.327065E-006	1.626038E-006	4.692003E-006	0.000181	1.752737E-005	-1.2932E-006	4.734451E-006	-2.325192E-005	8.235732E-005	-7.088224E-006	1.165667E-006	3.215205E-005	0.0001219	-8.210279E-006	-3.575445E-006	-0.0001069	6.703383E-006
	34	53	599.564	32.44953	-23.58869	1	40.11731	-36.01471	-9.755126E-008	5.932593E-005	9	0.0002487	0.0099779	1467.522	0.0054118	0.001313	0.0028868	-0.0223254	-0.4329882	-0.7925267	-4.065479E-005	-7.936118E-005	3.867643E-005	-0.000277	-4.98289E-005	3.868024E-005	0.0007109	-0.0001148	1.236913E-010	5.278205E-006	4.528789E-005	-2.609566E-006	3.235301E-005	-3.118702E-005	6.203074E-005	-0.0007882	3.462555E-006	1.032903E-006	-1.815427E-005	-2.96107E-005	-2.992463E-006	-6.659103E-006	-0.0002554	7.088482E-005	1.183522E-005	-6.426723E-006	-7.777476E-006	-0.0002398	-1.887131E-005	1.299179E-005	-8.118573E-005	0.0001436	-9.239987E-006	2.486348E-006	-0.0001587	2.445281E-005
	35	55	474.0168	35.56293	-25.37123	1	43.68549	-35.50474	-1.420874E-007	8.828992E-005	9	0.0002289	0.009999	1467.431	0.0048326	0.0012618	0.0158048	0.0133916	0.9017847	0.0763071	-6.068426E-005	4.474071E-005	-0.0002588	9.101816E-006	-4.680558E-005	1.8641E-005	0.0007385	-3.611856E-005	2.310851E-006	-2.262416E-006	7.581385E-005	6.886385E-005	-3.549552E-005	-1.044589E-005	-0.0007333	0.0002577	3.091845E-006	2.121058E-006	-3.714115E-006	-4.927163E-006	1.011175E-005	-5.200128E-007	5.640741E-005	-8.113951E-005	-1.184351E-005	-2.161978E-007	-0.0001263	7.522013E-005	-1.16215E-005	-2.208952E-006	-0.000165	5.115569E-005	2.939232E-006	-3.778901E-006	-6.521448E-005	-0.0001014
	36	56	377.1552	38.78036	-27.39267	1	47.47921	-35.23563	-1.697492E-007	8.765047E-005	9	0.0002104	0.0099885	1466.799	0.005091	0.0012818	0.0169016	0.0087682	0.8957731	-0.1221241	-4.183057E-005	6.095372E-005	-0.0001592	0.0002021	-3.992224E-005	3.153525E-005	0.0004359	-0.0006509	4.562244E-007	-2.377463E-006	6.805663E-005	1.155492E-005	-2.216297E-005	2.441288E-005	3.555545E-005	0.000734	4.689005E-006	-2.817309E-006	6.301282E-005	3.676768E-005	4.600835E-006	-1.066398E-005	-6.155205E-005	-0.0001914	3.155786E-006	3.406516E-006	0.0001381	0.0001352	3.28492E-006	7.204896E-006	0.0001162	7.47533E-005	4.448229E-007	-9.30093E-007	-9.496138E-005	8.418784E-005
	37	57	298.2954	42.2995	-29.78014	1	51.73108	-35.14671	-2.243303E-007	2.953668E-005	9	0.0001929	0.009977	1467.341	0.0050711	0.0012411	-0.0157394	0.0075477	-0.4415816	0.7876797	5.459483E-005	3.212056E-005	0.0001816	7.968361E-005	-5.163666E-005	1.35428E-005	0.0005574	-0.0004752	2.417397E-006	-1.837994E-006	4.154825E-005	6.855791E-005	2.614482E-005	1.441169E-005	0.0007523	-0.0001956	1.247609E-007	-2.538276E-006	-4.399266E-005	-5.320996E-005	5.103939E-007	4.718648E-006	6.254297E-005	5.365955E-005	1.373555E-007	-4.08938E-007	-2.067699E-005	-0.0001067	-1.842142E-006	6.185107E-006	0.0001217	0.0001108	1.224573E-006	-8.905118E-007	0.0000965	-0.000098
	38	59	236.7424	46.0007	-32.4886	1	56.31672	-35.23215	-1.564684E-007	8.979553E-005	9	0.0001775	0.0099976	1466.799	0.0054387	0.0011871	0.0102496	0.0123738	0.8733711	0.2367188	-6.370875E-005	-1.336217E-005	-0.0002435	6.320607E-005	-3.85025E-005	-3.677712E-005	0.000695	1.822598E-005	-1.680302E-006	-1.388398E-006	8.493755E-005	-3.556629E-005	-1.719935E-005	-1.160716E-005	-0.0007042	4.623272E-005	3.375202E-006	4.283938E-006	7.324817E-005	7.481594E-005	8.401095E-006	2.266504E-006	0.0001907	-4.953799E-005	-2.984482E-006	1.923181E-007	-0.0001504	0.0001081	-1.183922E-006	-1.05401E-006	-0.0001242	-5.342999E-006	2.785921E-006	2.029643E-006	3.007147E-005	-1.924951E-005
	39	60	189.0121	49.91777	-35.54603	1	61.28053	-35.45436	-2.837793E-007	2.849034E-005	9	0.0001628	0.0099758	1467.251	0.0058275	0.0011354	0.0086204	0.0119488	0.8549148	0.2904372	-5.615876E-005	-2.424812E-005	-0.0001903	-8.133334E-005	-2.934084E-005	-4.677919E-005	0.0005756	-8.917228E-005	-1.746994E-006	-7.209893E-007	0.0001239	3.890321E-005	-1.719731E-005	-1.407735E-005	-0.0007362	0.000106	1.681694E-006	-2.104149E-006	2.983271E-005	-0.0001444	5.757678E-006	-5.431649E-007	0.0001261	-1.120009E-005	-1.678192E-006	3.065085E-006	-4.5456E-005	8.601323E-005	-4.406576E-006	2.021945E-006	-0.0001899	8.256827E-005	-2.123648E-006	-1.690729E-006	-6.607362E-005	-6.611646E-005
	40	62	149.6011	54.35157	-39.16698	1	66.99363	-35.77738	-7.799503E-008	3.059261E-005	9	0.0001487	0.0099617	1467.341	0.0064574	0.0012882	-0.0066886	0.0116786	0.093552	0.8967597	5.58988E-005	-1.880224E-005	0.0001461	-7.250883E-005	6.076734E-007	5.730426E-005	-0.000748	4.914321E-005	-9.427387E-007	-1.230546E-006	3.042887E-005	2.472301E-005	-1.762931E-005	1.703841E-005	-0.0002495	0.0007808	3.394456E-006	-4.442664E-006	0.0001937	3.770459E-006	-1.877917E-006	1.443426E-006	0.0001328	5.506072E-005	4.38901E-006	-6.334712E-006	-7.529977E-006	-0.0000988	9.318246E-006	-3.6016E-009	0.0001341	-2.235733E-005	-1.915498E-006	-2.647648E-007	1.159631E-005	-1.734239E-005
	41	63	119.1737	59.05396	-43.18507	1	73.15955	-36.17731	-3.185644E-007	3.0188E-005	9	0.0001351	0.0098874	1466.708	0.0072887	0.0011815	-0.002524	-0.0119689	-0.6657577	-0.5980106	-1.15828E-005	-6.0379E-005	-0.0001704	-6.704965E-005	-5.056023E-005	3.627825E-005	-0.0006403	-0.000313	-3.464215E-006	5.932096E-006	8.319598E-005	9.189965E-005	6.246883E-006	1.13001E-005	0.0006354	0.0003153	2.307737E-006	3.419889E-006	0.0001028	1.749955E-005	-3.908311E-006	-5.232564E-006	-6.919635E-005	-7.808675E-005	1.858305E-006	2.976005E-006	-9.081607E-005	3.654044E-005	1.391696E-006	-2.061148E-006	0.000137	2.148561E-005	-7.885902E-007	1.978849E-006	7.131288E-005	4.764739E-005
	42	64	94.69697	75.00468	-44.88929	1	87.41139	-30.89995	-1.266885E-006	8.851517E-005	9	0.0001151	0.010064	1467.341	0.0073805	0.0003888	0.0026761	-0.0044706	0.0001405	-0.4554468	2.308112E-005	9.960641E-006	3.768038E-005	-1.174311E-005	3.766712E-006	-2.826861E-005	2.770661E-005	0.0001119	7.030176E-007	7.888229E-008	1.347729E-005	-3.192912E-005	1.424152E-006	2.564728E-006	1.821399E-005	-1.807959E-005	2.015851E-006	1.868961E-006	2.34195E-005	5.146739E-005	6.348564E-007	1.007971E-006	5.615712E-005	-4.551607E-006	5.972579E-007	2.056528E-006	1.842272E-006	4.311901E-005	5.556431E-007	5.011279E-007	-5.546359E-005	-2.971664E-005	-2.716166E-006	-1.717723E-006	3.139704E-005	-3.847038E-005
	43	66	75	82.41789	-50.21916	1	96.5126	-31.35493	-1.305088E-006	8.921116E-005	9	0.0001036	0.0100009	1467.341	0.0081784	0.0002954	0.0024406	-0.0040042	0.0001442	-0.4525872	2.337659E-005	7.912048E-006	2.06281E-005	-3.364156E-005	5.161579E-006	-2.789369E-005	3.127393E-005	3.111392E-005	1.421478E-006	-2.412244E-006	3.041793E-005	5.559414E-006	-9.087308E-008	1.312183E-007	-4.959806E-005	3.213307E-005	-2.842753E-006	-1.982211E-006	9.639421E-006	-5.270256E-005	-5.2197E-007	4.412905E-007	-7.095981E-006	3.696885E-005	4.88538E-006	1.65942E-006	4.252786E-005	-4.531706E-005	-2.143468E-006	-8.279604E-007	-3.218751E-005	-1.915882E-005	-3.826609E-007	2.166205E-006	-1.474196E-005	1.24115E-005
	44	67	54.50581	88.78516	-59.594	1	106.931	-33.87014	-1.025167E-006	3.073302E-005	9	9.351246E-005	0.0099994	1467.341	0.0091745	0.0002635	0.0047172	-0.0070273	0.00015	-0.9050417	4.522582E-005	2.312837E-005	4.254398E-007	-4.585077E-006	1.591918E-005	-5.581606E-005	0.000098	-1.342075E-005	-1.519016E-006	1.953193E-006	-2.052973E-005	-4.178463E-005	1.507418E-006	3.234296E-006	0.0001059	2.138049E-005	2.826331E-006	2.485207E-006	8.337747E-005	2.859405E-005	6.664632E-007	2.539584E-006	8.331676E-005	4.209011E-006	-2.307497E-007	2.227443E-006	0.0000967	-2.547261E-005	2.796875E-006	3.713682E-006	-5.474519E-005	4.668988E-005	-2.923982E-006	2.333945E-006	5.667226E-005	-1.144805E-005
	45	69	45.95588	85.15149	-67.03356	1	108.371	-38.21078	-1.013715E-006	2.726181E-005	9	9.227533E-005	0.0100002	1467.341	0.0085012	0.0002704	0.0048254	-0.0068168	-0.0457104	-0.9039585	4.380931E-005	1.206038E-005	0.0001251	-1.57113E-005	7.983464E-006	-5.362621E-005	3.860786E-005	2.272548E-005	-4.210088E-007	2.644715E-006	-6.197638E-005	-3.28488E-005	-1.155153E-006	2.804711E-006	-3.041327E-005	0.0001058	-7.821874E-007	2.167388E-006	-5.082566E-005	4.329457E-005	-5.565599E-007	2.061024E-006	2.404989E-005	-1.480832E-005	2.26195E-007	1.814531E-006	7.778499E-005	6.529124E-005	-7.778582E-007	1.52824E-006	-2.348656E-005	-1.889601E-005	-9.915894E-007	1.834625E-006	-2.525945E-005	8.853985E-005
	46	70	37.5	92.4668	-73.81544	1	118.3166	-38.60006	-9.185854E-007	2.307875E-005	9	8.450559E-005	0.0099986	1466.98	0.0088688	0.0002023	0.0045479	-0.0061495	-0.0331049	-0.9043608	4.10493E-005	1.420846E-005	4.199124E-005	-1.032715E-005	1.191981E-005	-5.048562E-005	5.30018E-005	4.68604E-005	2.232991E-008	2.248538E-006	2.705597E-005	-8.325792E-006	-6.824995E-007	2.328046E-006	-6.410515E-005	8.153729E-006	-5.906914E-007	1.697577E-006	-5.832641E-005	3.865347E-005	-1.32095E-007	2.106639E-006	-5.639823E-005	-8.825185E-006	4.500835E-007	1.489365E-006	3.495882E-005	-2.887717E-005	-6.189003E-007	1.076869E-006	1.290324E-005	-1.469162E-006	-3.909373E-007	9.019823E-007	-5.351241E-005	-9.169692E-005
	47	71	30.04808	101.4463	-82.12445	1	130.5211	-38.99144	-9.834442E-007	2.553553E-005	9	7.661696E-005	0.0100002	1467.431	0.0093309	0.0003683	0.0042286	-0.0054961	-0.0221572	-0.9048458	3.810736E-005	1.803923E-005	2.748601E-005	0.0001002	1.519908E-005	-4.629489E-005	4.29512E-005	6.584167E-005	-5.053263E-007	3.135486E-006	-9.28566E-005	4.391152E-005	-8.9041E-007	3.262798E-006	5.8281E-005	8.967269E-006	-7.082891E-007	2.158411E-006	0.0001302	2.098532E-005	2.046327E-007	9.232717E-007	-0.0001065	-0.000108	6.148548E-007	1.172615E-006	0.0001586	-5.314704E-005	-4.82658E-007	2.140261E-006	6.167596E-005	2.484868E-005	-4.076247E-007	8.23773E-007	-8.550776E-005	-2.417568E-006
	48	73	23.91582	110.955	-91.90275	1	144.0733	-39.63457	-8.966803E-007	2.585175E-005	9	6.940545E-005	0.0099995	1466.98	0.0096379	0.0002002	0.0039355	-0.0048963	-0.0131324	-0.9049591	3.46038E-005	1.820532E-005	5.717156E-007	3.741154E-005	1.701001E-005	-4.268086E-005	7.281062E-005	2.600066E-005	-6.985284E-008	2.707556E-006	3.943162E-006	-1.822191E-006	-7.213313E-007	2.284486E-006	-2.801488E-005	5.385425E-005	-4.805444E-007	1.680392E-006	2.232875E-005	-1.821137E-005	1.334047E-008	7.229828E-007	5.914434E-005	-2.967531E-005	1.256776E-007	1.66965E-006	3.619725E-005	5.179879E-005	-5.209623E-007	2.098794E-006	8.577947E-006	8.766926E-005	-8.207245E-007	9.598516E-007	-6.887306E-006	6.889683E-005
	49	75	18.8253	122.635	-103.3408	1	160.3704	-40.1198	-7.942654E-007	2.21748E-005	9	6.236156E-005	0.010001	1467.07	0.0100889	0.0001695	0.0036096	-0.0043393	-0.0056129	-0.9051685	3.165536E-005	1.896525E-005	7.157977E-005	4.187952E-005	1.894272E-005	-3.875594E-005	6.179162E-005	-4.461254E-005	-4.680625E-008	2.539061E-006	1.035817E-005	-2.435873E-005	-2.188645E-007	1.879988E-006	-1.350511E-005	5.375739E-006	-4.734612E-007	1.593879E-006	1.971494E-006	1.193675E-005	-3.685637E-008	1.124941E-006	2.825371E-005	9.424024E-006	1.770859E-007	1.592796E-006	7.075054E-005	3.105256E-005	-3.308343E-007	1.631115E-006	-4.329079E-006	-7.520955E-006	-6.389165E-007	5.746861E-007	-5.335565E-005	-3.821683E-006
	50	76	15.02404	135.0602	-115.4162	1	177.6574	-40.51566	-7.402839E-007	2.620318E-005	9	5.62835E-005	0.0099992	1467.522	0.0104195	0.0001381	0.0033092	-0.003873	6.483047E-005	-0.9050246	2.878656E-005	1.889809E-005	5.561201E-005	7.395633E-006	1.944978E-005	-3.518282E-005	1.224963E-005	-3.617547E-005	-1.194785E-007	2.221173E-006	5.558366E-006	2.316725E-005	-9.456199E-008	1.487995E-006	2.32202E-006	-7.11241E-006	-5.389994E-007	1.223771E-006	-1.833995E-005	-4.457944E-005	-3.805691E-007	1.179849E-006	-5.69214E-005	-1.850055E-005	1.879343E-007	1.434935E-006	6.073603E-005	1.383459E-005	-6.442097E-007	1.223481E-006	8.502626E-006	-1.279742E-005	-6.362935E-007	7.408744E-007	-1.747412E-005	7.498224E-006
	51	78	11.95791	148.7524	-129.1808	1	197.0151	-40.97198	-5.312613E-007	2.541607E-005	8	5.074958E-005	0.0099984	1466.98	0.0106456	0.0001484	0.0030274	-0.0034545	0.004185	-0.9049465	2.626236E-005	1.83314E-005	1.605263E-005	-1.280144E-005	1.882837E-005	-3.158638E-005	4.57227E-006	5.345936E-005	-2.347224E-008	2.056789E-006	9.997631E-006	2.006016E-005	-4.19259E-007	1.518117E-006	4.739984E-005	3.931781E-005	-3.760471E-007	1.30668E-006	-4.600339E-005	5.851325E-005	-4.112736E-007	1.183768E-006	1.366664E-005	4.821704E-006	-8.628923E-008	1.151637E-006	1.530506E-005	7.743671E-006	-4.406248E-007	1.008222E-006	-5.208888E-006	6.488495E-006	-5.451694E-007	4.088106E-007	-5.780662E-005	-3.128112E-005
	52	80	9.52744	164.4328	-144.514	1	218.912	-41.31107	-4.730857E-007	2.703556E-005	8	4.567612E-005	0.0099991	1466.98	0.0110077	0.0001311	0.0027552	-0.0030822	0.007711	-0.9049787	2.360387E-005	1.765501E-005	4.933E-005	2.88338E-005	1.891341E-005	-2.890349E-005	-2.465979E-005	2.72699E-005	7.637209E-008	1.743956E-006	-1.054234E-005	-2.744098E-005	1.160515E-008	1.023702E-006	-1.652644E-005	9.7109E-006	-3.121095E-007	9.956357E-007	-2.350716E-005	7.16596E-006	-3.306924E-008	9.213691E-007	1.993484E-005	-2.740248E-005	1.345434E-007	1.171571E-006	6.343413E-005	2.84422E-005	-2.849047E-007	1.02398E-006	4.895963E-006	8.121831E-006	-3.47136E-007	5.145594E-007	-3.921672E-005	3.747846E-006
	53	81	7.524077	182.5452	-162.4071	1	244.3334	-41.65891	-4.197485E-007	2.330751E-005	8	4.093047E-005	0.0100007	1466.889	0.0112079	0.0001405	0.0024952	-0.0027383	0.0108269	-0.9050942	2.12278E-005	1.681862E-005	4.970899E-005	1.703982E-005	1.809582E-005	-2.559019E-005	-2.978381E-005	5.938988E-005	1.239459E-008	1.593975E-006	-2.869798E-005	-5.398895E-005	-1.0023E-007	8.803499E-007	-1.498524E-005	2.553352E-005	-2.529851E-007	9.444657E-007	-3.536308E-005	-1.350738E-006	-2.857996E-007	1.030709E-006	-1.828608E-005	7.889234E-006	6.899063E-008	1.268821E-006	2.222325E-005	1.967583E-005	-2.94498E-007	7.53882E-007	-1.48741E-005	-1.967346E-005	-3.933311E-007	5.811908E-007	-2.308167E-005	2.651004E-005
	54	83	5.98659	202.2761	-181.8996	1	272.0351	-41.96391	-3.722639E-007	2.308358E-005	8	3.676082E-005	0.0100002	1466.889	0.0114883	0.0001252	0.0022602	-0.0024417	0.0130941	-0.9050236	1.913119E-005	1.588331E-005	4.774376E-005	-2.767579E-005	1.739726E-005	-2.311144E-005	8.631614E-006	5.129023E-005	9.291398E-009	1.417509E-006	-2.673167E-005	-1.241023E-005	-1.317785E-007	8.230509E-007	6.267481E-006	-4.788211E-005	-1.78683E-007	8.781153E-007	-2.743531E-006	-2.980961E-005	-1.827393E-007	8.506931E-007	3.952009E-007	2.700074E-005	1.70603E-007	9.656851E-007	4.03559E-005	1.741714E-005	-2.982251E-007	6.053551E-007	1.157381E-005	6.44465E-006	-2.690522E-007	4.746107E-007	-4.379342E-006	1.176779E-005
	55	86	4.76372	224.3903	-203.7112	1	303.0665	-42.23452	-3.309573E-007	2.803488E-005	8	3.299455E-005	0.0099995	1466.889	0.0117526	0.0000982	0.0020435	-0.0021777	0.0149658	-0.9049318	1.716336E-005	1.492667E-005	1.107674E-005	-1.312796E-005	1.662853E-005	-2.080817E-005	7.116148E-006	3.190185E-005	-5.121366E-008	1.323174E-006	-2.159365E-005	2.326907E-005	-1.427561E-007	8.25808E-007	-1.740758E-005	2.059701E-005	-2.152938E-007	7.713843E-007	-3.467094E-005	1.202898E-005	-1.546068E-007	7.44335E-007	-9.40342E-006	1.856461E-006	7.226845E-008	8.556226E-007	5.030021E-005	-2.378359E-005	-1.551798E-007	5.340962E-007	-1.47511E-005	2.903063E-006	-3.11471E-007	3.477417E-007	4.601083E-006	-4.116665E-006
	56	88	3.76506	249.9189	-228.96	1	338.9427	-42.49396	-2.893761E-007	2.492268E-005	8	2.950587E-005	0.0100008	1466.889	0.0119373	0.0001203	0.0018394	-0.0019361	0.0164508	-0.9050195	1.536526E-005	1.385909E-005	4.747161E-005	-1.342635E-005	1.553855E-005	-1.851288E-005	-6.518153E-006	2.691379E-005	-3.506103E-008	1.131929E-006	-2.121492E-005	-8.416625E-006	-1.480566E-007	7.123363E-007	-7.771044E-006	1.498905E-005	-2.233082E-007	6.334712E-007	-2.235069E-005	-2.172931E-005	-3.422993E-007	8.13955E-007	-2.185348E-005	3.271163E-005	6.62094E-008	7.615499E-007	6.245275E-005	2.314082E-005	3.733294E-008	4.52088E-007	7.513445E-006	-1.098782E-005	-1.846984E-007	3.063606E-007	-1.111283E-005	-2.440227E-005
	57	91	3.008665	277.2076	-255.9252	1	377.2821	-42.71399	-2.568475E-007	2.656343E-005	8	2.650622E-005	0.0100003	1466.889	0.0121674	0.0000966	0.0016613	-0.0017308	0.0176006	-0.904955	1.38017E-005	1.28546E-005	4.287498E-005	-3.890157E-006	1.461658E-005	-1.671987E-005	-9.152719E-006	1.769436E-005	1.359513E-008	1.064215E-006	-6.600779E-006	-4.585077E-006	-1.356275E-007	6.418522E-007	-9.904122E-006	2.253892E-005	-1.692661E-007	6.110381E-007	6.487448E-006	-1.231543E-005	-1.965491E-007	6.361861E-007	-1.245149E-005	2.786028E-005	4.786853E-008	6.676664E-007	3.977571E-005	-4.646835E-006	-7.966265E-008	4.734338E-007	-2.631897E-005	-1.586558E-005	-1.844255E-007	1.842936E-007	-3.193503E-005	6.14734E-006
	58	94	2.38186	309.0572	-287.3824	1	422.0249	-42.91878	-2.239141E-007	2.653944E-005	8	2.369481E-005	0.0099998	1466.915	0.0123099	7.097515E-005	0.0014922	-0.0015403	0.018541	-0.9048887	1.228957E-005	1.181414E-005	-1.45612E-005	2.128125E-005	1.352904E-005	-1.485989E-005	-8.242875E-006	4.12619E-005	7.205563E-008	9.204732E-007	-7.668569E-007	-1.231281E-005	1.847002E-008	5.293905E-007	5.925802E-006	1.83806E-006	-1.370445E-007	5.268566E-007	-4.318893E-006	1.216516E-005	-2.436446E-007	5.852403E-007	-3.11379E-006	2.5349E-005	5.70235E-008	5.933925E-007	2.145194E-005	3.264358E-006	-1.485278E-007	4.455942E-007	5.003443E-006	1.075446E-005	-1.845365E-007	2.246188E-007	-7.941185E-006	-2.631947E-006
	59	97	1.890121	344.4786	-322.326	1	471.7622	-43.09723	-1.934314E-007	2.586352E-005	8	2.119677E-005	0.0099998	1466.889	0.0124592	0.0001008	0.0013403	-0.0013727	0.0192741	-0.9048765	1.102044E-005	1.082837E-005	4.141155E-005	7.206723E-006	1.243555E-005	-1.328094E-005	-2.524117E-006	4.089677E-005	8.949428E-010	7.882036E-007	-1.576301E-005	-1.962395E-005	-8.149074E-010	4.119274E-007	3.957306E-006	-1.49545E-005	-8.872668E-008	4.273857E-007	-8.961361E-006	2.136758E-005	-1.438002E-007	4.525091E-007	-9.265176E-006	9.789874E-006	8.421921E-008	4.946214E-007	4.114929E-005	-1.103179E-005	-1.166518E-007	3.081314E-007	1.859572E-005	-1.352868E-005	-1.375302E-007	2.138377E-007	-2.518212E-005	-1.762304E-005
	60	101	1.502404	383.9395	-361.206	1	527.1426	-43.25252	-1.670972E-007	2.649388E-005	8	1.89709E-005	0.0100004	1466.799	0.0125938	0.0001006	0.0012037	-0.0012245	0.0198826	-0.9049116	9.880565E-006	9.86617E-006	4.058779E-005	1.573337E-005	1.139083E-005	-1.189845E-005	2.712186E-007	5.562107E-005	2.826528E-008	6.999767E-007	-9.528508E-006	-9.593366E-006	4.335561E-008	3.133355E-007	1.199625E-005	-2.006743E-005	-8.507051E-008	3.864257E-007	2.675981E-006	-2.973648E-006	-1.166154E-007	3.812224E-007	-6.394957E-006	-6.031486E-006	6.359005E-008	4.647659E-007	3.93838E-005	-1.292011E-005	-1.774006E-007	3.378509E-007	-6.398012E-006	8.371251E-006	-1.573899E-007	1.331673E-007	-2.512886E-005	4.831294E-006
	61	106	1.195791	427.9223	-404.4768	1	588.8285	-43.38662	-1.439199E-007	2.647616E-005	8	1.698295E-005	0.01	1466.799	0.0127181	0.0001085	0.0010807	-0.0010931	0.0203299	-0.9048725	8.836587E-006	8.96628E-006	3.891974E-005	-1.779896E-006	1.045317E-005	-1.065232E-005	-1.158269E-005	6.887252E-005	7.024937E-009	6.180135E-007	-3.118886E-005	3.78117E-006	1.52977E-008	3.082141E-007	1.186272E-006	1.546247E-005	-1.009394E-007	3.053769E-007	-1.781288E-005	-3.277398E-006	-1.055232E-007	3.64349E-007	1.817505E-006	9.134208E-006	2.149591E-008	3.83015E-007	3.1023E-005	4.258574E-006	-1.266744E-007	2.078014E-007	-6.896183E-006	1.592362E-005	-1.147209E-007	1.008839E-007	-1.092715E-005	-1.449746E-005
	62	111	0.9486946	478.0444	-453.9109	1	659.2128	-43.51663	-1.480633E-007	2.4066E-005	8	1.516998E-005	0.0100002	1466.799	0.0128595	0.0001033	0.0009679	-0.0009738	0.0207111	-0.9048818	7.818256E-006	8.43416E-006	3.773128E-005	2.098729E-005	9.524893E-006	-9.351162E-006	-2.439151E-005	3.765921E-005	-1.52977E-008	7.014626E-007	-2.181775E-005	-6.3044E-007	-1.731223E-008	4.261869E-007	2.350734E-005	4.512549E-006	-8.180724E-008	4.019344E-007	-2.246603E-005	-8.396311E-006	-1.178287E-007	3.818996E-007	-1.462319E-005	2.428752E-005	2.140314E-008	4.265294E-007	4.19995E-005	1.091787E-005	-1.093149E-007	3.046948E-007	9.358133E-006	1.561208E-005	-9.810266E-008	1.604567E-007	-1.279201E-005	7.165785E-006
	63	117	0.7515633	534.6104	-509.3513	1	738.4084	-43.61398	-1.283025E-007	2.470241E-005	8	1.354294E-005	0.0100002	1466.799	0.0129437	9.024927E-005	0.0008659	-0.0008676	0.0210125	-0.9048729	6.995919E-006	7.599696E-006	2.036599E-005	-1.952416E-006	8.653879E-006	-8.319349E-006	9.341427E-006	4.899746E-005	1.20217E-008	5.78453E-007	-2.042894E-005	-6.232543E-006	-7.215932E-009	3.519017E-007	1.398384E-005	1.166132E-005	-1.118942E-007	3.083208E-007	-1.543955E-005	-4.478098E-006	-1.159233E-007	3.566292E-007	-1.394068E-005	2.08418E-005	2.32003E-008	3.341802E-007	3.136741E-005	1.373616E-005	-9.38253E-008	2.698903E-007	-1.521339E-005	6.342787E-006	-1.115504E-007	1.339458E-007	-2.422356E-005	-7.751937E-006
	64	123	0.5978954	596.9102	-570.2539	1	825.5248	-43.69168	-1.101716E-007	2.816307E-005	8	1.211307E-005	0.0099996	1466.799	0.0130279	0.0000989	0.0007757	-0.0007747	0.0212452	-0.904815	6.270771E-006	6.831491E-006	2.799544E-005	8.437564E-007	7.853308E-006	-7.463677E-006	-7.726457E-006	4.921306E-005	1.23373E-008	4.769674E-007	-2.338999E-005	-2.645393E-006	-8.715689E-009	2.770607E-007	-1.37403E-005	1.554855E-005	-4.78558E-008	2.576601E-007	-1.972771E-005	-2.313791E-006	-7.625205E-008	2.751694E-007	3.352907E-006	3.465331E-005	1.786248E-009	3.303344E-007	3.373943E-005	7.909344E-006	-5.636049E-008	2.126658E-007	1.03784E-005	8.683157E-006	-1.130638E-007	9.857695E-008	-2.748537E-005	-2.86421E-006
	65	131	0.4763719	666.3083	-637.8599	1	922.4055	-43.75038	-9.517298E-008	2.82009E-005	8	1.08416E-005	0.0100003	1467.251	0.013122	8.655137E-005	0.0006952	-0.0006925	0.0214591	-0.9048738	5.627237E-006	6.112377E-006	2.598917E-005	-1.711453E-005	7.156405E-006	-6.71715E-006	8.982461E-006	3.224481E-005	1.802255E-008	4.078765E-007	-2.866183E-005	-1.998537E-005	3.044079E-008	2.258341E-007	-5.034498E-006	-9.891578E-006	-7.907148E-008	2.005565E-007	-1.025861E-005	4.505986E-006	-7.478685E-008	2.357317E-007	-3.094581E-006	2.410764E-005	1.506669E-008	2.436914E-007	3.136092E-005	3.930545E-006	-7.494601E-008	1.870135E-007	-4.009607E-006	3.550187E-006	-6.314714E-008	7.089784E-008	-2.652043E-005	-1.603246E-005
	66	141	0.3780242	745.4792	-714.8553	1	1032.839	-43.79866	-8.272256E-008	2.661061E-005	8	9.682102E-006	0.0100001	1466.833	0.0131943	8.827449E-005	0.0006214	-0.0006179	0.0215674	-0.904845	5.044231E-006	5.473997E-006	4.109836E-005	7.91845E-006	6.452021E-006	-6.028354E-006	-1.235982E-006	4.19625E-005	-1.270564E-009	3.56553E-007	-1.431184E-005	1.08066E-005	-1.279295E-008	1.788619E-007	-3.505878E-006	1.054674E-005	-4.645154E-008	1.831784E-007	-4.367409E-006	4.39275E-006	-6.78374E-008	2.023139E-007	-1.009327E-005	2.551375E-005	3.481637E-008	2.054026E-007	2.693929E-005	3.649606E-006	-4.067534E-008	1.291542E-007	-7.119758E-006	2.163841E-006	-7.028485E-008	7.056451E-008	-2.89591E-005	-2.477173E-007
	67	153	0.3004808	833.7227	-800.2668	1	1155.647	-43.82704	-7.267897E-008	2.680621E-005	8	8.653217E-006	0.0100001	1466.799	0.0132612	8.826721E-005	0.0005558	-0.0005519	0.0217156	-0.9048422	4.52399E-006	4.89065E-006	1.7696E-005	6.141483E-006	5.829225E-006	-5.412918E-006	-7.504657E-006	4.868514E-005	3.077002E-008	2.823738E-007	-2.56807E-005	8.235998E-006	8.697498E-009	1.633998E-007	1.788314E-006	1.866859E-005	-3.195511E-008	1.515098E-007	-1.207431E-005	-3.146721E-006	-5.321455E-008	1.501653E-007	2.377288E-006	1.357174E-005	1.897661E-008	1.745502E-007	3.796234E-005	1.509466E-005	-4.562208E-008	1.176638E-007	-6.465853E-006	7.544571E-006	-4.786171E-008	4.115782E-008	-2.00166E-005	-3.488139E-006
	68	168	0.238186	934.7532	-897.6326	1	1295.958	-43.83946	-6.343556E-008	2.761633E-005	8	7.719973E-006	0.0100044	1467.267	0.0132577	8.359419E-005	0.0004613	-0.0005248	-0.0400413	-0.9046118	4.547467E-006	3.75679E-006	2.71817E-005	-8.498334E-006	4.107801E-006	-5.831999E-006	1.948315E-005	2.473667E-005	3.670812E-008	2.154092E-007	-1.942355E-005	-1.092712E-005	1.778881E-008	1.019841E-007	1.794007E-005	1.401437E-006	-2.928891E-008	1.14446E-007	-1.531828E-005	-6.427873E-007	-3.45699E-008	1.493418E-007	1.203886E-005	2.142228E-005	4.360299E-008	1.265853E-007	4.267041E-005	3.969821E-006	-1.811714E-008	9.549422E-008	-2.819928E-006	-1.950888E-006	-7.228847E-008	7.642006E-008	-1.979747E-005	5.239213E-006
	69	186	0.1890121	1046.837	-1005.364	1	1451.422	-43.84227	-5.664378E-008	2.601631E-005	8	6.890354E-006	0.0100006	1467.431	0.0132956	8.38098E-005	0.0004183	-0.0004625	-0.0272056	-0.9047421	3.981006E-006	3.49219E-006	3.85223E-005	-5.427472E-006	3.91993E-006	-5.023727E-006	9.605428E-006	4.712421E-005	3.348077E-008	1.977355E-007	-1.286925E-005	-6.078147E-006	4.766207E-009	9.305688E-008	9.666313E-006	7.423252E-006	-4.348704E-008	1.116949E-007	-9.10333E-006	5.645183E-006	-2.920797E-008	1.145345E-007	6.894581E-006	1.358293E-005	3.327614E-008	1.117762E-007	2.901175E-005	-1.101845E-005	-2.275465E-008	9.004566E-008	7.911003E-006	8.404313E-007	-6.167603E-008	3.902801E-008	-1.324457E-005	5.363487E-006
	70	208	0.1502404	1171.878	-1124.855	1	1624.376	-43.8271	-5.339689E-008	2.507168E-005	8	6.157249E-006	0.0100016	1466.98	0.013403	7.580568E-005	0.0003783	-0.0004092	-0.0170875	-0.9050762	3.511804E-006	3.228872E-006	2.741581E-005	4.711197E-006	3.705897E-006	-4.383019E-006	5.419715E-007	3.207567E-005	1.475291E-008	1.879349E-007	-1.585926E-005	8.851464E-006	-1.638E-009	8.288976E-008	-6.850402E-006	8.493414E-006	-3.13712E-008	9.874236E-008	-6.641379E-006	2.16034E-005	-2.878005E-008	9.623182E-008	6.397604E-007	5.231588E-006	3.80046E-008	1.13042E-007	3.332226E-005	-1.327408E-005	-2.411571E-008	7.507902E-008	-1.14704E-006	1.176153E-005	-6.070151E-008	3.681976E-008	-2.09575E-005	7.284863E-006
	71	235	0.1193355	1312.633	-1260.197	1	1819.643	-43.83244	-7.332372E-008	2.714156E-005	7	5.493596E-006	0.0099963	1467.431	0.0134375	9.481599E-005	0.0003407	-0.0003622	-0.0093509	-0.9047136	3.059169E-006	3.210462E-006	3.893167E-005	-1.582088E-005	3.396253E-006	-3.633108E-006	-3.747527E-006	4.33506E-005	4.138201E-011	2.972266E-007	-2.604124E-005	7.250128E-006	3.316927E-009	1.835867E-007	4.791713E-006	-4.70804E-006	-4.701998E-008	1.680426E-007	-1.597608E-005	4.47403E-006	-4.723371E-008	1.723239E-007	-4.429837E-006	3.220746E-006	1.022499E-008	1.682977E-007	4.606257E-005	1.911219E-006	-4.798631E-008	1.293793E-007	3.852183E-006	1.177742E-005	-6.338042E-008	7.880772E-008	-1.843559E-005	9.109499E-008
	72	266	0.0946587	1472.157	-1412.737	1	2040.361	-43.82005	-1.000107E-007	2.853672E-005	7	4.901499E-006	0.0100008	1467.161	0.0136108	8.365751E-005	0.0003062	-0.000321	-0.0028309	-0.9051626	2.655126E-006	3.195669E-006	1.422607E-005	2.590954E-006	3.115572E-006	-3.009851E-006	1.592271E-006	3.388672E-005	-2.890192E-008	3.844766E-007	-3.760053E-005	1.293913E-006	-2.982142E-008	2.699156E-007	-8.229982E-006	1.642716E-005	-5.613675E-008	2.384953E-007	-1.876929E-005	-1.710579E-005	-5.272797E-008	2.179236E-007	-4.676696E-006	1.432473E-005	-1.210992E-008	2.131313E-007	2.930505E-005	4.336383E-006	-5.710082E-008	1.821759E-007	5.982351E-006	1.92475E-005	-5.510402E-008	1.179562E-007	-1.980952E-005	-8.538308E-006
